,start,end
0,4138,4137
1,5099,5098
2,5194,5193
3,5293,5292
4,5369,5368
5,5450,5449
6,5534,5533
7,5674,5673
8,5800,5799
9,5891,5890
10,5971,5970
11,6043,6042
12,6111,6110
13,6172,6171
14,6229,6228
15,6287,6286
16,6344,6343
17,6403,6402
18,6461,6460
19,6534,6533
20,6635,6634
21,6752,6751
22,6840,6839
23,6914,6913
24,6974,6973
25,7036,7035
26,7103,7102
27,7177,7176
28,7240,7239
29,7303,7302
30,7368,7367
31,7444,7443
32,7511,7510
33,7575,7574
34,7649,7648
35,7761,7760
36,7907,7906
37,8003,8002
38,8075,8074
39,8143,8142
40,8213,8212
41,8288,8287
42,8353,8352
43,8412,8411
44,8486,8485
45,8581,8580
46,8683,8682
47,8790,8789
48,8961,8960
49,9096,9095
50,9170,9169
51,9241,9240
52,9330,9329
53,9407,9406
54,9480,9479
55,9548,9547
56,9638,9637
57,9740,9739
58,9812,9811
59,9885,9884
60,9952,9951
61,10010,10009
62,10068,10067
63,10127,10126
64,10181,10180
65,10235,10234
66,10295,10294
67,10359,10358
68,10428,10427
69,10495,10494
70,10557,10556
71,10619,10618
72,10682,10681
73,10746,10745
74,10826,10825
75,10910,10909
76,11006,11005
77,11109,11108
78,11203,11202
79,11310,11309
80,11400,11399
81,11465,11464
82,11531,11530
83,11611,11610
84,11694,11693
85,11784,11783
86,11873,11872
87,11953,11952
88,12025,12024
89,12097,12096
90,12170,12169
91,12246,12245
92,12324,12323
93,12427,12426
94,12526,12525
95,12622,12621
96,12718,12717
97,12809,12808
98,12915,12914
99,13006,13005
100,13093,13092
101,13201,13200
102,13321,13320
103,13414,13413
104,13512,13511
105,13598,13597
106,13689,13688
107,13775,13774
108,13852,13851
109,13937,13936
110,14034,14033
111,14140,14139
112,14274,14273
113,14349,14348
114,14412,14411
115,14495,14494
116,14595,14594
117,14698,14697
118,14786,14785
119,14851,14850
120,14912,14911
121,14989,14988
122,15056,15055
123,15123,15122
124,15185,15184
125,15257,15256
126,15333,15332
127,15408,15407
128,15480,15479
129,15546,15545
130,15614,15613
131,15676,15675
132,15746,15745
133,15826,15825
134,15909,15908
135,15981,15980
136,16054,16053
137,16119,16118
138,16187,16186
139,16251,16250
140,16327,16326
141,16398,16397
142,16463,16462
143,16530,16529
144,16596,16595
145,16660,16659
146,16719,16718
147,16784,16783
148,16878,16877
149,16966,16965
150,17044,17043
151,17123,17122
152,17205,17204
153,17282,17281
154,17356,17355
155,17443,17442
156,17529,17528
157,17615,17614
158,17706,17705
159,17785,17784
160,17864,17863
161,17950,17949
162,18024,18023
163,18113,18112
164,18196,18195
165,18264,18263
166,18329,18328
167,18399,18398
168,18473,18472
169,18550,18549
170,18619,18618
171,18695,18694
172,18769,18768
173,18861,18860
174,18971,18970
175,19073,19072
176,19172,19171
177,19247,19246
178,19328,19327
179,19437,19436
180,19588,19587
181,19713,19712
182,19843,19842
183,19961,19960
184,20059,20058
185,20154,20153
186,20222,20221
187,20286,20285
188,20364,20363
189,20470,20469
190,20542,20541
191,20605,20604
192,20687,20686
193,20761,20760
194,20822,20821
195,20882,20881
196,20943,20942
197,20999,20998
198,21057,21056
199,21116,21115
200,21183,21182
201,21258,21257
202,21337,21336
203,21414,21413
204,21490,21489
205,21561,21560
206,21638,21637
207,21714,21713
208,21783,21782
209,21877,21876
210,21982,21981
211,22095,22094
212,22211,22210
213,22303,22302
214,22381,22380
215,22462,22461
216,22558,22557
217,22654,22653
218,22729,22728
219,22819,22818
220,22922,22921
221,23027,23026
222,23145,23144
223,23217,23216
224,23292,23291
225,23365,23364
226,23429,23428
227,23495,23494
228,23563,23562
229,23627,23626
230,23691,23690
231,23757,23756
232,23838,23837
233,23918,23917
234,23992,23991
235,24059,24058
236,24124,24123
237,24204,24203
238,24287,24286
239,24353,24352
240,24410,24409
241,24478,24477
242,24553,24552
243,24617,24616
244,24670,24669
245,24718,24717
246,24763,24762
247,24809,24808
248,24853,24852
249,24898,24897
250,24945,24944
251,24993,24992
252,25042,25041
253,25092,25091
254,25142,25141
255,25193,25192
256,25242,25241
257,25296,25295
258,25352,25351
259,25406,25405
260,25457,25456
261,25510,25509
262,25567,25566
263,25629,25628
264,25695,25694
265,25763,25762
266,25830,25829
267,25896,25895
268,25955,25954
269,26013,26012
270,26073,26072
271,26130,26129
272,26191,26190
273,26251,26250
274,26327,26326
275,26402,26401
276,26471,26470
277,26542,26541
278,26605,26604
279,26661,26660
280,26713,26712
281,26767,26766
282,26820,26819
283,26883,26882
284,26950,26949
285,27009,27008
286,27070,27069
287,27130,27129
288,27187,27186
289,27246,27245
290,27302,27301
291,27360,27359
292,27421,27420
293,27476,27475
294,27530,27529
295,27591,27590
296,27661,27660
297,27735,27734
298,27808,27807
299,27874,27873
300,27941,27940
301,28008,28007
302,28078,28077
303,28147,28146
304,28215,28214
305,28279,28278
306,28347,28346
307,28417,28416
308,28484,28483
309,28558,28557
310,28631,28630
311,28699,28698
312,28762,28761
313,28831,28830
314,28905,28904
315,28971,28970
316,29039,29038
317,29109,29108
318,29176,29175
319,29239,29238
320,29307,29306
321,29374,29373
322,29444,29443
323,29504,29503
324,29561,29560
325,29615,29614
326,29675,29674
327,29737,29736
328,29801,29800
329,29874,29873
330,29943,29942
331,30011,30010
332,30076,30075
333,30135,30134
334,30193,30192
335,30257,30256
336,30325,30324
337,30386,30385
338,30444,30443
339,30505,30504
340,30575,30574
341,30651,30650
342,30730,30729
343,30809,30808
344,30898,30897
345,30976,30975
346,31041,31040
347,31100,31099
348,31155,31154
349,31209,31208
350,31268,31267
351,31346,31345
352,31428,31427
353,31494,31493
354,31555,31554
355,31618,31617
356,31681,31680
357,31761,31760
358,31851,31850
359,31918,31917
360,31976,31975
361,32032,32031
362,32096,32095
363,32162,32161
364,32226,32225
365,32290,32289
366,32351,32350
367,32412,32411
368,32471,32470
369,32540,32539
370,32608,32607
371,32679,32678
372,32760,32759
373,32822,32821
374,32876,32875
375,32933,32932
376,32993,32992
377,33065,33064
378,33134,33133
379,33204,33203
380,33267,33266
381,33329,33328
382,33385,33384
383,33449,33448
384,33519,33518
385,33593,33592
386,33666,33665
387,33744,33743
388,33831,33830
389,33926,33925
390,34013,34012
391,34082,34081
392,34141,34140
393,34197,34196
394,34262,34261
395,34323,34322
396,34382,34381
397,34445,34444
398,34510,34509
399,34576,34575
400,34642,34641
401,34713,34712
402,34789,34788
403,34855,34854
404,34923,34922
405,34983,34982
406,35042,35041
407,35102,35101
408,35171,35170
409,35243,35242
410,35311,35310
411,35384,35383
412,35467,35466
413,35549,35548
414,35621,35620
415,35686,35685
416,35759,35758
417,35826,35825
418,35899,35898
419,35965,35964
420,36029,36028
421,36089,36088
422,36161,36160
423,36230,36229
424,36299,36298
425,36363,36362
426,36434,36433
427,36513,36512
428,36580,36579
429,36637,36636
430,36694,36693
431,36751,36750
432,36812,36811
433,36870,36869
434,36927,36926
435,36980,36979
436,37035,37034
437,37089,37088
438,37150,37149
439,37215,37214
440,37279,37278
441,37343,37342
442,37407,37406
443,37478,37477
444,37544,37543
445,37607,37606
446,37676,37675
447,37755,37754
448,37832,37831
449,37902,37901
450,37960,37959
451,38017,38016
452,38078,38077
453,38139,38138
454,38205,38204
455,38264,38263
456,38325,38324
457,38395,38394
458,38476,38475
459,38557,38556
460,38633,38632
461,38691,38690
462,38739,38738
463,38786,38785
464,38836,38835
465,38889,38888
466,38953,38952
467,39016,39015
468,39082,39081
469,39144,39143
470,39213,39212
471,39285,39284
472,39357,39356
473,39430,39429
474,39513,39512
475,39601,39600
476,39687,39686
477,39776,39775
478,39855,39854
479,39927,39926
480,39996,39995
481,40052,40051
482,40107,40106
483,40163,40162
484,40220,40219
485,40285,40284
486,40352,40351
487,40442,40441
488,40543,40542
489,40619,40618
490,40689,40688
491,40762,40761
492,40836,40835
493,40907,40906
494,40984,40983
495,41087,41086
496,41174,41173
497,41264,41263
498,41346,41345
499,41427,41426
500,41503,41502
501,41574,41573
502,41656,41655
503,41755,41754
504,41866,41865
505,41970,41969
506,42056,42055
507,42129,42128
508,42199,42198
509,42273,42272
510,42347,42346
511,42419,42418
512,42490,42489
513,42561,42560
514,42628,42627
515,42710,42709
516,42813,42812
517,42893,42892
518,42976,42975
519,43062,43061
520,43136,43135
521,43229,43228
522,43387,43386
523,43501,43500
524,43590,43589
525,43684,43683
526,43774,43773
527,43862,43861
528,43990,43989
529,44087,44086
530,44173,44172
531,44263,44262
532,44355,44354
533,44431,44430
534,44492,44491
535,44548,44547
536,44629,44628
537,44732,44731
538,44807,44806
539,44885,44884
540,44982,44981
541,45080,45079
542,45161,45160
543,45228,45227
544,45296,45295
545,45366,45365
546,45448,45447
547,45543,45542
548,45628,45627
549,45753,45752
550,45850,45849
551,45926,45925
552,46003,46002
553,46095,46094
554,46196,46195
555,46307,46306
556,46382,46381
557,46460,46459
558,46554,46553
559,46643,46642
560,46730,46729
561,46810,46809
562,46887,46886
563,46973,46972
564,47060,47059
565,47147,47146
566,47257,47256
567,47354,47353
568,47440,47439
569,47521,47520
570,47587,47586
571,47675,47674
572,47773,47772
573,47869,47868
574,47947,47946
575,48016,48015
576,48099,48098
577,48177,48176
578,48269,48268
579,48409,48408
580,48500,48499
581,48580,48579
582,48672,48671
583,48754,48753
584,48842,48841
585,48927,48926
586,49007,49006
587,49078,49077
588,49160,49159
589,49247,49246
590,49317,49316
591,49376,49375
592,49431,49430
593,49499,49498
594,49585,49584
595,49666,49665
596,49761,49760
597,49837,49836
598,49910,49909
599,49977,49976
600,50034,50033
601,50094,50093
602,50160,50159
603,50234,50233
604,50319,50318
605,50396,50395
606,50470,50469
607,50551,50550
608,50623,50622
609,50701,50700
610,50813,50812
611,50915,50914
612,50991,50990
613,51050,51049
614,51122,51121
615,51233,51232
616,51368,51367
617,51523,51522
618,51672,51671
619,51794,51793
620,51920,51919
621,52037,52036
622,52176,52175
623,52292,52291
624,52373,52372
625,52456,52455
626,52543,52542
627,52644,52643
628,52741,52740
629,52809,52808
630,52865,52864
631,52928,52927
632,53006,53005
633,53087,53086
634,53176,53175
635,53276,53275
636,53360,53359
637,53456,53455
638,53550,53549
639,53625,53624
640,53711,53710
641,53845,53844
642,54144,54143
643,55305,55304
644,56053,56052
645,56783,56782
646,56844,56843
647,56902,56901
648,56958,56957
649,57012,57011
650,57068,57067
651,57156,57155
652,57253,57252
653,57318,57317
654,57383,57382
655,57449,57448
656,57512,57511
657,57604,57603
658,57691,57690
659,57753,57752
660,57815,57814
661,57889,57888
662,57963,57962
663,58040,58039
664,58116,58115
665,58178,58177
666,58241,58240
667,58308,58307
668,58379,58378
669,58470,58469
670,58575,58574
671,58652,58651
672,58718,58717
673,58793,58792
674,58884,58883
675,59090,59089
676,59620,59619
677,60296,60295
678,60726,60725
679,61062,61061
680,61155,61154
681,61213,61212
682,61266,61265
683,61318,61317
684,61373,61372
685,61431,61430
686,61494,61493
687,61562,61561
688,61662,61661
689,61768,61767
690,61849,61848
691,61908,61907
692,61965,61964
693,62041,62040
694,62250,62249
695,63009,63008
696,63533,63532
697,64187,64186
698,64311,64310
699,64488,64487
700,64621,64620
701,64738,64737
702,64885,64884
703,64982,64981
704,65074,65073
705,65221,65220
706,65353,65352
707,65442,65441
708,65503,65502
709,65557,65556
710,65628,65627
711,65713,65712
712,65798,65797
713,65899,65898
714,65999,65998
715,66109,66108
716,66280,66279
717,66423,66422
718,66502,66501
719,66560,66559
720,66620,66619
721,66687,66686
722,66772,66771
723,66886,66885
724,66978,66977
725,67064,67063
726,67171,67170
727,67285,67284
728,67361,67360
729,67428,67427
730,67510,67509
731,67593,67592
732,67658,67657
733,67717,67716
734,67774,67773
735,67831,67830
736,67895,67894
737,67972,67971
738,68044,68043
739,68109,68108
740,68171,68170
741,68238,68237
742,68317,68316
743,68390,68389
744,68451,68450
745,68505,68504
746,68559,68558
747,68613,68612
748,68665,68664
749,68719,68718
750,68775,68774
751,68834,68833
752,68891,68890
753,68948,68947
754,69005,69004
755,69064,69063
756,69133,69132
757,69209,69208
758,69343,69342
759,69477,69476
760,69936,69935
761,70481,70480
762,70598,70597
763,70671,70670
764,70734,70733
765,70792,70791
766,70844,70843
767,70898,70897
768,70960,70959
769,71022,71021
770,71086,71085
771,71152,71151
772,71220,71219
773,71288,71287
774,71349,71348
775,71407,71406
776,71471,71470
777,71528,71527
778,71586,71585
779,71642,71641
780,71712,71711
781,71791,71790
782,71874,71873
783,71935,71934
784,71993,71992
785,72056,72055
786,72163,72162
787,72265,72264
788,72367,72366
789,72587,72586
790,73071,73070
791,73684,73683
792,73814,73813
793,73917,73916
794,74022,74021
795,74114,74113
796,74202,74201
797,74289,74288
798,74397,74396
799,74515,74514
800,74649,74648
801,74772,74771
802,74970,74969
803,75056,75055
804,75148,75147
805,75253,75252
806,75343,75342
807,75450,75449
808,75569,75568
809,75668,75667
810,75751,75750
811,75823,75822
812,75951,75950
813,76068,76067
814,76165,76164
815,76274,76273
816,76363,76362
817,76444,76443
818,76516,76515
819,76602,76601
820,76728,76727
821,76860,76859
822,76951,76950
823,77020,77019
824,77101,77100
825,77178,77177
826,77260,77259
827,77408,77407
828,77503,77502
829,77645,77644
830,77869,77868
831,78270,78269
832,78445,78444
833,78527,78526
834,78598,78597
835,78665,78664
836,78737,78736
837,78808,78807
838,78869,78868
839,78931,78930
840,79024,79023
841,79108,79107
842,79173,79172
843,79236,79235
844,79301,79300
845,79364,79363
846,79426,79425
847,79499,79498
848,79560,79559
849,79618,79617
850,79670,79669
851,79721,79720
852,79772,79771
853,79822,79821
854,79872,79871
855,79920,79919
856,79966,79965
857,80014,80013
858,80062,80061
859,80112,80111
860,80164,80163
861,80217,80216
862,80266,80265
863,80315,80314
864,80362,80361
865,80410,80409
866,80457,80456
867,80507,80506
868,80558,80557
869,80613,80612
870,80668,80667
871,80723,80722
872,80778,80777
873,80831,80830
874,80884,80883
875,80942,80941
876,80999,80998
877,81050,81049
878,81101,81100
879,81158,81157
880,81215,81214
881,81269,81268
882,81324,81323
883,81379,81378
884,81440,81439
885,81537,81536
886,81627,81626
887,81705,81704
888,81771,81770
889,81830,81829
890,81878,81877
891,81927,81926
892,81974,81973
893,82020,82019
894,82066,82065
895,82113,82112
896,82163,82162
897,82213,82212
898,82267,82266
899,82531,82530
900,83956,83955
901,84026,84025
902,84089,84088
903,84149,84148
904,84220,84219
905,84308,84307
906,84373,84372
907,84433,84432
908,84492,84491
909,84546,84545
910,84598,84597
911,84652,84651
912,84703,84702
913,84757,84756
914,84816,84815
915,84885,84884
916,84961,84960
917,85039,85038
918,85126,85125
919,85201,85200
920,85271,85270
921,85343,85342
922,85406,85405
923,85466,85465
924,85526,85525
925,85583,85582
926,85642,85641
927,85701,85700
928,85764,85763
929,85822,85821
930,85877,85876
931,85933,85932
932,85986,85985
933,86038,86037
934,86088,86087
935,86147,86146
936,86215,86214
937,86283,86282
938,86339,86338
939,86393,86392
940,86453,86452
941,86511,86510
942,86571,86570
943,86633,86632
944,86702,86701
945,86762,86761
946,86825,86824
947,86884,86883
948,86944,86943
949,87004,87003
950,87067,87066
951,87129,87128
952,87186,87185
953,87242,87241
954,87294,87293
955,87366,87365
956,87643,87642
957,88116,88115
958,88412,88411
959,88500,88499
960,88562,88561
961,88615,88614
962,88666,88665
963,88720,88719
964,88776,88775
965,88834,88833
966,88890,88889
967,88945,88944
968,89003,89002
969,89057,89056
970,89109,89108
971,89157,89156
972,89206,89205
973,89256,89255
974,89311,89310
975,89368,89367
976,89419,89418
977,89470,89469
978,89524,89523
979,89578,89577
980,89629,89628
981,89682,89681
982,89734,89733
983,89789,89788
984,89855,89854
985,89913,89912
986,89966,89965
987,90020,90019
988,90081,90080
989,90138,90137
990,90188,90187
991,90237,90236
992,90289,90288
993,90345,90344
994,90395,90394
995,90442,90441
996,90489,90488
997,90538,90537
998,90587,90586
999,90635,90634
1000,90687,90686
1001,90743,90742
1002,90797,90796
1003,90850,90849
1004,90900,90899
1005,90950,90949
1006,91002,91001
1007,91056,91055
1008,91118,91117
1009,91183,91182
1010,91246,91245
1011,91313,91312
1012,91390,91389
1013,91460,91459
1014,91525,91524
1015,91584,91583
1016,91642,91641
1017,91709,91708
1018,91786,91785
1019,91858,91857
1020,91922,91921
1021,91984,91983
1022,92037,92036
1023,92085,92084
1024,92136,92135
1025,92185,92184
1026,92237,92236
1027,92294,92293
1028,92362,92361
1029,92426,92425
1030,92489,92488
1031,92563,92562
1032,92625,92624
1033,92678,92677
1034,92728,92727
1035,92777,92776
1036,92828,92827
1037,92883,92882
1038,92938,92937
1039,92992,92991
1040,93051,93050
1041,93120,93119
1042,93189,93188
1043,93249,93248
1044,93312,93311
1045,93367,93366
1046,93424,93423
1047,93478,93477
1048,93532,93531
1049,93590,93589
1050,93647,93646
1051,93701,93700
1052,93755,93754
1053,93809,93808
1054,93863,93862
1055,93922,93921
1056,93979,93978
1057,94031,94030
1058,94085,94084
1059,94141,94140
1060,94197,94196
1061,94250,94249
1062,94304,94303
1063,94358,94357
1064,94411,94410
1065,94477,94476
1066,94552,94551
1067,94626,94625
1068,94693,94692
1069,94753,94752
1070,94807,94806
1071,94859,94858
1072,94913,94912
1073,94972,94971
1074,95036,95035
1075,95108,95107
1076,95169,95168
1077,95228,95227
1078,95288,95287
1079,95355,95354
1080,95420,95419
1081,95482,95481
1082,95544,95543
1083,95613,95612
1084,95692,95691
1085,95767,95766
1086,95832,95831
1087,95904,95903
1088,95994,95993
1089,96076,96075
1090,96151,96150
1091,96226,96225
1092,96306,96305
1093,96384,96383
1094,96458,96457
1095,96529,96528
1096,96587,96586
1097,96641,96640
1098,96693,96692
1099,96742,96741
1100,96789,96788
1101,96834,96833
1102,96883,96882
1103,96936,96935
1104,97003,97002
1105,97067,97066
1106,97132,97131
1107,97193,97192
1108,97261,97260
1109,97323,97322
1110,97379,97378
1111,97440,97439
1112,97538,97537
1113,97649,97648
1114,97740,97739
1115,97809,97808
1116,97882,97881
1117,97984,97983
1118,98053,98052
1119,98113,98112
1120,98169,98168
1121,98223,98222
1122,98277,98276
1123,98328,98327
1124,98380,98379
1125,98433,98432
1126,98490,98489
1127,98552,98551
1128,98620,98619
1129,98687,98686
1130,98749,98748
1131,98816,98815
1132,98891,98890
1133,98958,98957
1134,99040,99039
1135,99125,99124
1136,99194,99193
1137,99264,99263
1138,99365,99364
1139,99446,99445
1140,99517,99516
1141,99584,99583
1142,99646,99645
1143,99709,99708
1144,99769,99768
1145,99827,99826
1146,99885,99884
1147,99938,99937
1148,99993,99992
1149,100055,100054
1150,100117,100116
1151,100188,100187
1152,100254,100253
1153,100318,100317
1154,100374,100373
1155,100442,100441
1156,100518,100517
1157,100587,100586
1158,100653,100652
1159,100723,100722
1160,100788,100787
1161,100847,100846
1162,100899,100898
1163,100952,100951
1164,101020,101019
1165,101087,101086
1166,101144,101143
1167,101202,101201
1168,101260,101259
1169,101317,101316
1170,101378,101377
1171,101438,101437
1172,101496,101495
1173,101549,101548
1174,101600,101599
1175,101650,101649
1176,101699,101698
1177,101749,101748
1178,101801,101800
1179,101857,101856
1180,101913,101912
1181,101968,101967
1182,102030,102029
1183,102090,102089
1184,102145,102144
1185,102198,102197
1186,102245,102244
1187,102293,102292
1188,102342,102341
1189,102395,102394
1190,102453,102452
1191,102514,102513
1192,102581,102580
1193,102648,102647
1194,102712,102711
1195,102781,102780
1196,102986,102985
1197,103092,103091
1198,103152,103151
1199,103206,103205
1200,103267,103266
1201,103327,103326
1202,103389,103388
1203,103457,103456
1204,103526,103525
1205,103594,103593
1206,103666,103665
1207,103740,103739
1208,103807,103806
1209,103867,103866
1210,103919,103918
1211,103975,103974
1212,104039,104038
1213,104102,104101
1214,104163,104162
1215,104225,104224
1216,104290,104289
1217,104365,104364
1218,104435,104434
1219,104498,104497
1220,104556,104555
1221,104612,104611
1222,104668,104667
1223,104732,104731
1224,104795,104794
1225,104860,104859
1226,104925,104924
1227,104987,104986
1228,105046,105045
1229,105102,105101
1230,105168,105167
1231,105235,105234
1232,105304,105303
1233,105370,105369
1234,105433,105432
1235,105492,105491
1236,105551,105550
1237,105610,105609
1238,105663,105662
1239,105716,105715
1240,105778,105777
1241,105838,105837
1242,105897,105896
1243,105953,105952
1244,106013,106012
1245,106073,106072
1246,106133,106132
1247,106188,106187
1248,106244,106243
1249,106303,106302
1250,106362,106361
1251,106427,106426
1252,106491,106490
1253,106564,106563
1254,106650,106649
1255,106730,106729
1256,106794,106793
1257,106859,106858
1258,106928,106927
1259,106999,106998
1260,107061,107060
1261,107120,107119
1262,107175,107174
1263,107228,107227
1264,107283,107282
1265,107339,107338
1266,107397,107396
1267,107462,107461
1268,107521,107520
1269,107577,107576
1270,107639,107638
1271,107697,107696
1272,107758,107757
1273,107821,107820
1274,107883,107882
1275,107943,107942
1276,107997,107996
1277,108060,108059
1278,108120,108119
1279,108189,108188
1280,108257,108256
1281,108316,108315
1282,108378,108377
1283,108439,108438
1284,108512,108511
1285,108576,108575
1286,108643,108642
1287,108707,108706
1288,108788,108787
1289,108858,108857
1290,108924,108923
1291,108982,108981
1292,109040,109039
1293,109105,109104
1294,109162,109161
1295,109229,109228
1296,109299,109298
1297,109360,109359
1298,109417,109416
1299,109473,109472
1300,109530,109529
1301,109585,109584
1302,109641,109640
1303,109698,109697
1304,109759,109758
1305,109820,109819
1306,109879,109878
1307,109945,109944
1308,110010,110009
1309,110091,110090
1310,110166,110165
1311,110230,110229
1312,110299,110298
1313,110362,110361
1314,110429,110428
1315,110494,110493
1316,110574,110573
1317,111214,111213
1318,111376,111375
1319,113716,113715
1320,113788,113787
1321,113840,113839
1322,113891,113890
1323,113944,113943
1324,113998,113997
1325,114050,114049
1326,114104,114103
1327,114161,114160
1328,114220,114219
1329,114280,114279
1330,114347,114346
1331,114406,114405
1332,114469,114468
1333,114530,114529
1334,114595,114594
1335,114658,114657
1336,114731,114730
1337,114816,114815
1338,114899,114898
1339,114978,114977
1340,115050,115049
1341,115120,115119
1342,115189,115188
1343,115271,115270
1344,115386,115385
1345,115476,115475
1346,115591,115590
1347,115714,115713
1348,115835,115834
1349,115903,115902
1350,115972,115971
1351,116039,116038
1352,116100,116099
1353,116152,116151
1354,116204,116203
1355,116261,116260
1356,116318,116317
1357,116374,116373
1358,116436,116435
1359,116495,116494
1360,116551,116550
1361,116609,116608
1362,116681,116680
1363,116750,116749
1364,116810,116809
1365,116880,116879
1366,116945,116944
1367,117001,117000
1368,117063,117062
1369,117120,117119
1370,117176,117175
1371,117228,117227
1372,117277,117276
1373,117328,117327
1374,117388,117387
1375,117451,117450
1376,117516,117515
1377,117571,117570
1378,117628,117627
1379,117689,117688
1380,117768,117767
1381,117857,117856
1382,117924,117923
1383,117982,117981
1384,118038,118037
1385,118092,118091
1386,118148,118147
1387,118201,118200
1388,118257,118256
1389,118311,118310
1390,118372,118371
1391,118432,118431
1392,118486,118485
1393,118546,118545
1394,118610,118609
1395,118679,118678
1396,118740,118739
1397,118800,118799
1398,118855,118854
1399,118912,118911
1400,118980,118979
1401,119075,119074
1402,119144,119143
1403,119205,119204
1404,119262,119261
1405,119319,119318
1406,119372,119371
1407,119428,119427
1408,119487,119486
1409,119543,119542
1410,119604,119603
1411,119671,119670
1412,119744,119743
1413,119807,119806
1414,119865,119864
1415,119922,119921
1416,119985,119984
1417,120045,120044
1418,120108,120107
1419,120168,120167
1420,120232,120231
1421,120289,120288
1422,120347,120346
1423,120401,120400
1424,120465,120464
1425,120535,120534
1426,120596,120595
1427,120651,120650
1428,120704,120703
1429,120767,120766
1430,120838,120837
1431,120917,120916
1432,120998,120997
1433,121071,121070
1434,121136,121135
1435,121200,121199
1436,121266,121265
1437,121326,121325
1438,121383,121382
1439,121439,121438
1440,121497,121496
1441,121554,121553
1442,121611,121610
1443,121672,121671
1444,121732,121731
1445,121789,121788
1446,121850,121849
1447,121909,121908
1448,121976,121975
1449,122036,122035
1450,122094,122093
1451,122153,122152
1452,122213,122212
1453,122277,122276
1454,122347,122346
1455,122408,122407
1456,122465,122464
1457,122530,122529
1458,122587,122586
1459,122642,122641
1460,122695,122694
1461,122751,122750
1462,122816,122815
1463,122883,122882
1464,122953,122952
1465,123014,123013
1466,123085,123084
1467,123159,123158
1468,123223,123222
1469,123285,123284
1470,123345,123344
1471,123401,123400
1472,123459,123458
1473,123515,123514
1474,123570,123569
1475,123624,123623
1476,123676,123675
1477,123730,123729
1478,123789,123788
1479,123842,123841
1480,123899,123898
1481,123957,123956
1482,124015,124014
1483,124074,124073
1484,124137,124136
1485,124207,124206
1486,124273,124272
1487,124336,124335
1488,124399,124398
1489,124465,124464
1490,124525,124524
1491,124582,124581
1492,124641,124640
1493,124699,124698
1494,124761,124760
1495,124819,124818
1496,124883,124882
1497,124964,124963
1498,125038,125037
1499,125110,125109
1500,125190,125189
1501,125264,125263
1502,125324,125323
1503,125377,125376
1504,125431,125430
1505,125500,125499
1506,125565,125564
1507,125634,125633
1508,125727,125726
1509,126124,126123
1510,126541,126540
1511,126616,126615
1512,126680,126679
1513,126738,126737
1514,126794,126793
1515,126858,126857
1516,126925,126924
1517,126982,126981
1518,127038,127037
1519,127094,127093
1520,127149,127148
1521,127200,127199
1522,127256,127255
1523,127313,127312
1524,127366,127365
1525,127424,127423
1526,127491,127490
1527,127557,127556
1528,127620,127619
1529,127684,127683
1530,127751,127750
1531,127812,127811
1532,127868,127867
1533,127926,127925
1534,127986,127985
1535,128050,128049
1536,128114,128113
1537,128178,128177
1538,128244,128243
1539,128302,128301
1540,128359,128358
1541,128416,128415
1542,128474,128473
1543,128535,128534
1544,128590,128589
1545,128643,128642
1546,128693,128692
1547,128741,128740
1548,128789,128788
1549,128835,128834
1550,128883,128882
1551,128936,128935
1552,128992,128991
1553,129045,129044
1554,129098,129097
1555,129151,129150
1556,129202,129201
1557,129251,129250
1558,129300,129299
1559,129352,129351
1560,129404,129403
1561,129456,129455
1562,129508,129507
1563,129564,129563
1564,129622,129621
1565,129678,129677
1566,129743,129742
1567,129809,129808
1568,129880,129879
1569,129952,129951
1570,130019,130018
1571,130123,130122
1572,130230,130229
1573,130310,130309
1574,130389,130388
1575,130469,130468
1576,130552,130551
1577,130662,130661
1578,130768,130767
1579,130851,130850
1580,130921,130920
1581,130987,130986
1582,131053,131052
1583,131127,131126
1584,131221,131220
1585,131320,131319
1586,131422,131421
1587,131512,131511
1588,131598,131597
1589,131695,131694
1590,131811,131810
1591,131907,131906
1592,131980,131979
1593,132058,132057
1594,132144,132143
1595,132212,132211
1596,132275,132274
1597,132343,132342
1598,132418,132417
1599,132503,132502
1600,132599,132598
1601,132675,132674
1602,132755,132754
1603,132840,132839
1604,132909,132908
1605,132982,132981
1606,133067,133066
1607,133166,133165
1608,133250,133249
1609,133317,133316
1610,133390,133389
1611,133481,133480
1612,133563,133562
1613,133629,133628
1614,133706,133705
1615,133777,133776
1616,133871,133870
1617,133961,133960
1618,134030,134029
1619,134109,134108
1620,134200,134199
1621,134298,134297
1622,134381,134380
1623,134450,134449
1624,134517,134516
1625,134586,134585
1626,134662,134661
1627,134731,134730
1628,134795,134794
1629,134857,134856
1630,134923,134922
1631,134996,134995
1632,135082,135081
1633,135154,135153
1634,135224,135223
1635,135306,135305
1636,135386,135385
1637,135455,135454
1638,135526,135525
1639,135598,135597
1640,135666,135665
1641,135738,135737
1642,135811,135810
1643,135873,135872
1644,135939,135938
1645,136011,136010
1646,136080,136079
1647,136147,136146
1648,136212,136211
1649,136273,136272
1650,136337,136336
1651,136404,136403
1652,136473,136472
1653,136556,136555
1654,136662,136661
1655,136759,136758
1656,136850,136849
1657,136945,136944
1658,137021,137020
1659,137089,137088
1660,137159,137158
1661,137235,137234
1662,137312,137311
1663,137383,137382
1664,137453,137452
1665,137524,137523
1666,137595,137594
1667,137659,137658
1668,137719,137718
1669,137774,137773
1670,137838,137837
1671,137908,137907
1672,137984,137983
1673,138057,138056
1674,138131,138130
1675,138200,138199
1676,138264,138263
1677,138329,138328
1678,138393,138392
1679,138452,138451
1680,138514,138513
1681,138576,138575
1682,138636,138635
1683,138690,138689
1684,138743,138742
1685,138804,138803
1686,138863,138862
1687,138926,138925
1688,139006,139005
1689,139084,139083
1690,139156,139155
1691,139232,139231
1692,139321,139320
1693,139402,139401
1694,139478,139477
1695,139576,139575
1696,139703,139702
1697,139829,139828
1698,139916,139915
1699,139984,139983
1700,140050,140049
1701,140129,140128
1702,140207,140206
1703,140271,140270
1704,140327,140326
1705,140386,140385
1706,140446,140445
1707,140508,140507
1708,140579,140578
1709,140661,140660
1710,140745,140744
1711,140811,140810
1712,140870,140869
1713,140934,140933
1714,141005,141004
1715,141078,141077
1716,141157,141156
1717,141235,141234
1718,141318,141317
1719,141405,141404
1720,141498,141497
1721,141583,141582
1722,141656,141655
1723,141727,141726
1724,141810,141809
1725,141904,141903
1726,142057,142056
1727,142744,142743
1728,143481,143480
1729,144111,144110
1730,144951,144950
1731,145008,145007
1732,145055,145054
1733,145102,145101
1734,145147,145146
1735,145194,145193
1736,145241,145240
1737,145294,145293
1738,145346,145345
1739,145399,145398
1740,145447,145446
1741,145493,145492
1742,145538,145537
1743,145582,145581
1744,145625,145624
1745,145672,145671
1746,145719,145718
1747,145767,145766
1748,145813,145812
1749,145861,145860
1750,145911,145910
1751,145962,145961
1752,146013,146012
1753,146064,146063
1754,146110,146109
1755,146156,146155
1756,146203,146202
1757,146248,146247
1758,146296,146295
1759,146341,146340
1760,146387,146386
1761,146430,146429
1762,146475,146474
1763,146520,146519
1764,146571,146570
1765,146620,146619
1766,146667,146666
1767,146712,146711
1768,146758,146757
1769,146804,146803
1770,146848,146847
1771,146893,146892
1772,146938,146937
1773,146985,146984
1774,147030,147029
1775,147076,147075
1776,147121,147120
1777,147167,147166
1778,147210,147209
1779,147259,147258
1780,147307,147306
1781,147360,147359
1782,147413,147412
1783,147466,147465
1784,147517,147516
1785,147572,147571
1786,147624,147623
1787,147682,147681
1788,147744,147743
1789,147804,147803
1790,147872,147871
1791,147941,147940
1792,147999,147998
1793,148050,148049
1794,148101,148100
1795,148150,148149
1796,148201,148200
1797,148257,148256
1798,148325,148324
1799,148391,148390
1800,148451,148450
1801,148527,148526
1802,148612,148611
1803,148682,148681
1804,148738,148737
1805,148787,148786
1806,148835,148834
1807,148881,148880
1808,148926,148925
1809,148971,148970
1810,149016,149015
1811,149061,149060
1812,149106,149105
1813,149150,149149
1814,149195,149194
1815,149243,149242
1816,149288,149287
1817,149334,149333
1818,149378,149377
1819,149424,149423
1820,149470,149469
1821,149516,149515
1822,149561,149560
1823,149607,149606
1824,149652,149651
1825,149695,149694
1826,149741,149740
1827,149786,149785
1828,149831,149830
1829,149876,149875
1830,149919,149918
1831,149963,149962
1832,150008,150007
1833,150053,150052
1834,150098,150097
1835,150142,150141
1836,150187,150186
1837,150231,150230
1838,150278,150277
1839,150325,150324
1840,150371,150370
1841,150415,150414
1842,150461,150460
1843,150509,150508
1844,150562,150561
1845,150617,150616
1846,150675,150674
1847,150730,150729
1848,150779,150778
1849,150826,150825
1850,150874,150873
1851,150924,150923
1852,150972,150971
1853,151021,151020
1854,151067,151066
1855,151115,151114
1856,151161,151160
1857,151206,151205
1858,151250,151249
1859,151291,151290
1860,151334,151333
1861,151376,151375
1862,151420,151419
1863,151466,151465
1864,151514,151513
1865,151562,151561
1866,151611,151610
1867,151661,151660
1868,151716,151715
1869,151771,151770
1870,151827,151826
1871,151878,151877
1872,151928,151927
1873,151981,151980
1874,152031,152030
1875,152083,152082
1876,152135,152134
1877,152186,152185
1878,152233,152232
1879,152277,152276
1880,152320,152319
1881,152362,152361
1882,152408,152407
1883,152457,152456
1884,152510,152509
1885,152565,152564
1886,152637,152636
1887,152712,152711
1888,152767,152766
1889,152841,152840
1890,152912,152911
1891,152965,152964
1892,153009,153008
1893,153052,153051
1894,153096,153095
1895,153138,153137
1896,153180,153179
1897,153223,153222
1898,153267,153266
1899,153312,153311
1900,153355,153354
1901,153398,153397
1902,153442,153441
1903,153486,153485
1904,153529,153528
1905,153572,153571
1906,153615,153614
1907,153659,153658
1908,153703,153702
1909,153749,153748
1910,153793,153792
1911,153838,153837
1912,153882,153881
1913,153926,153925
1914,153970,153969
1915,154015,154014
1916,154060,154059
1917,154106,154105
1918,154150,154149
1919,154195,154194
1920,154240,154239
1921,154286,154285
1922,154332,154331
1923,154377,154376
1924,154422,154421
1925,154466,154465
1926,154510,154509
1927,154555,154554
1928,154599,154598
1929,154643,154642
1930,154686,154685
1931,154730,154729
1932,154774,154773
1933,154818,154817
1934,154863,154862
1935,154906,154905
1936,154950,154949
1937,154994,154993
1938,155037,155036
1939,155081,155080
1940,155126,155125
1941,155170,155169
1942,155216,155215
1943,155262,155261
1944,155310,155309
1945,155356,155355
1946,155404,155403
1947,155449,155448
1948,155496,155495
1949,155542,155541
1950,155589,155588
1951,155635,155634
1952,155680,155679
1953,155725,155724
1954,155769,155768
1955,155813,155812
1956,155857,155856
1957,155900,155899
1958,155943,155942
1959,155986,155985
1960,156028,156027
1961,156070,156069
1962,156112,156111
1963,156155,156154
1964,156198,156197
1965,156240,156239
1966,156283,156282
1967,156325,156324
1968,156369,156368
1969,156413,156412
1970,156460,156459
1971,156507,156506
1972,156555,156554
1973,156600,156599
1974,156644,156643
1975,156688,156687
1976,156732,156731
1977,156779,156778
1978,156826,156825
1979,156873,156872
1980,156918,156917
1981,156962,156961
1982,157008,157007
1983,157052,157051
1984,157096,157095
1985,157142,157141
1986,157187,157186
1987,157236,157235
1988,157282,157281
1989,157333,157332
1990,157382,157381
1991,157431,157430
1992,157481,157480
1993,157532,157531
1994,157583,157582
1995,157631,157630
1996,157680,157679
1997,157727,157726
1998,157775,157774
1999,157822,157821
2000,157869,157868
2001,157915,157914
2002,157961,157960
2003,158007,158006
2004,158055,158054
2005,158104,158103
2006,158153,158152
2007,158202,158201
2008,158252,158251
2009,158302,158301
2010,158349,158348
2011,158396,158395
2012,158443,158442
2013,158489,158488
2014,158540,158539
2015,158596,158595
2016,158650,158649
2017,158703,158702
2018,158755,158754
2019,158806,158805
2020,158858,158857
2021,158907,158906
2022,158956,158955
2023,159004,159003
2024,159053,159052
2025,159099,159098
2026,159146,159145
2027,159192,159191
2028,159238,159237
2029,159286,159285
2030,159334,159333
2031,159381,159380
2032,159428,159427
2033,159477,159476
2034,159526,159525
2035,159573,159572
2036,159620,159619
2037,159666,159665
2038,159714,159713
2039,159762,159761
2040,159811,159810
2041,159860,159859
2042,159910,159909
2043,159961,159960
2044,160015,160014
2045,160069,160068
2046,160126,160125
2047,160186,160185
2048,160244,160243
2049,160302,160301
2050,160353,160352
2051,160401,160400
2052,160451,160450
2053,160502,160501
2054,160555,160554
2055,160613,160612
2056,160669,160668
2057,160723,160722
2058,160774,160773
2059,160825,160824
2060,160875,160874
2061,160925,160924
2062,160974,160973
2063,161026,161025
2064,161083,161082
2065,161151,161150
2066,161256,161255
2067,161339,161338
2068,161395,161394
2069,161445,161444
2070,161495,161494
2071,161542,161541
2072,161587,161586
2073,161632,161631
2074,161679,161678
2075,161726,161725
2076,161776,161775
2077,161828,161827
2078,161886,161885
2079,161963,161962
2080,162054,162053
2081,162122,162121
2082,162174,162173
2083,162227,162226
2084,162279,162278
2085,162328,162327
2086,162377,162376
2087,162431,162430
2088,162486,162485
2089,162543,162542
2090,162602,162601
2091,162661,162660
2092,162719,162718
2093,162774,162773
2094,162825,162824
2095,162878,162877
2096,162930,162929
2097,162984,162983
2098,163036,163035
2099,163088,163087
2100,163140,163139
2101,163193,163192
2102,163248,163247
2103,163306,163305
2104,163363,163362
2105,163436,163435
2106,163511,163510
2107,163571,163570
2108,163624,163623
2109,163670,163669
2110,163717,163716
2111,163762,163761
2112,163808,163807
2113,163853,163852
2114,163905,163904
2115,163953,163952
2116,164006,164005
2117,164056,164055
2118,164119,164118
2119,164192,164191
2120,164254,164253
2121,164313,164312
2122,164370,164369
2123,164421,164420
2124,164471,164470
2125,164519,164518
2126,164570,164569
2127,164620,164619
2128,164675,164674
2129,164736,164735
2130,164801,164800
2131,164864,164863
2132,164928,164927
2133,164997,164996
2134,165061,165060
2135,165120,165119
2136,165175,165174
2137,165230,165229
2138,165281,165280
2139,165332,165331
2140,165386,165385
2141,165449,165448
2142,165511,165510
2143,165565,165564
2144,165621,165620
2145,165677,165676
2146,165732,165731
2147,165781,165780
2148,165829,165828
2149,165873,165872
2150,165918,165917
2151,165961,165960
2152,166008,166007
2153,166054,166053
2154,166105,166104
2155,166155,166154
2156,166213,166212
2157,166264,166263
2158,166313,166312
2159,166359,166358
2160,166405,166404
2161,166451,166450
2162,166500,166499
2163,166555,166554
2164,166615,166614
2165,166670,166669
2166,166715,166714
2167,166759,166758
2168,166801,166800
2169,166845,166844
2170,166886,166885
2171,166930,166929
2172,166973,166972
2173,167017,167016
2174,167061,167060
2175,167109,167108
2176,167161,167160
2177,167218,167217
2178,167263,167262
2179,167311,167310
2180,167356,167355
2181,167405,167404
2182,167454,167453
2183,167501,167500
2184,167548,167547
2185,167594,167593
2186,167652,167651
2187,167710,167709
2188,167761,167760
2189,167810,167809
2190,167858,167857
2191,167907,167906
2192,167958,167957
2193,168013,168012
2194,168070,168069
2195,168124,168123
2196,168190,168189
2197,168249,168248
2198,168304,168303
2199,168356,168355
2200,168402,168401
2201,168445,168444
2202,168485,168484
2203,168525,168524
2204,168568,168567
2205,168614,168613
2206,168659,168658
2207,168718,168717
2208,168773,168772
2209,168823,168822
2210,168867,168866
2211,168909,168908
2212,168950,168949
2213,168993,168992
2214,169035,169034
2215,169079,169078
2216,169120,169119
2217,169161,169160
2218,169204,169203
2219,169251,169250
2220,169301,169300
2221,169366,169365
2222,169441,169440
2223,169506,169505
2224,169556,169555
2225,169604,169603
2226,169648,169647
2227,169695,169694
2228,169747,169746
2229,169796,169795
2230,169843,169842
2231,169893,169892
2232,169951,169950
2233,170008,170007
2234,170058,170057
2235,170103,170102
2236,170146,170145
2237,170186,170185
2238,170225,170224
2239,170264,170263
2240,170301,170300
2241,170342,170341
2242,170387,170386
2243,170434,170433
2244,170481,170480
2245,170526,170525
2246,170571,170570
2247,170615,170614
2248,170661,170660
2249,170709,170708
2250,170756,170755
2251,170811,170810
2252,170866,170865
2253,170920,170919
2254,170975,170974
2255,171023,171022
2256,171068,171067
2257,171113,171112
2258,171163,171162
2259,171217,171216
2260,171272,171271
2261,171329,171328
2262,171413,171412
2263,171479,171478
2264,171527,171526
2265,171570,171569
2266,171613,171612
2267,171655,171654
2268,171700,171699
2269,171749,171748
2270,171794,171793
2271,171839,171838
2272,171882,171881
2273,171931,171930
2274,171982,171981
2275,172030,172029
2276,172094,172093
2277,172195,172194
2278,172263,172262
2279,172313,172312
2280,172364,172363
2281,172414,172413
2282,172468,172467
2283,172564,172563
2284,172709,172708
2285,172786,172785
2286,172848,172847
2287,172911,172910
2288,172975,172974
2289,173040,173039
2290,173123,173122
2291,173207,173206
2292,173271,173270
2293,173336,173335
2294,173400,173399
2295,173460,173459
2296,173526,173525
2297,173592,173591
2298,173668,173667
2299,173747,173746
2300,173839,173838
2301,173918,173917
2302,173985,173984
2303,174069,174068
2304,174152,174151
2305,174263,174262
2306,174358,174357
2307,174439,174438
2308,174514,174513
2309,174581,174580
2310,174635,174634
2311,174685,174684
2312,174730,174729
2313,174772,174771
2314,174819,174818
2315,174895,174894
2316,174965,174964
2317,175020,175019
2318,175068,175067
2319,175115,175114
2320,175160,175159
2321,175203,175202
2322,175250,175249
2323,175299,175298
2324,175352,175351
2325,175404,175403
2326,175462,175461
2327,175528,175527
2328,175606,175605
2329,175674,175673
2330,175726,175725
2331,175776,175775
2332,175836,175835
2333,175900,175899
2334,175950,175949
2335,175994,175993
2336,176035,176034
2337,176079,176078
2338,176124,176123
2339,176169,176168
2340,176218,176217
2341,176272,176271
2342,176332,176331
2343,176384,176383
2344,176434,176433
2345,176483,176482
2346,176536,176535
2347,176593,176592
2348,176659,176658
2349,176733,176732
2350,176831,176830
2351,176938,176937
2352,177006,177005
2353,177075,177074
2354,177160,177159
2355,177230,177229
2356,177282,177281
2357,177328,177327
2358,177380,177379
2359,177431,177430
2360,177488,177487
2361,177566,177565
2362,177661,177660
2363,177793,177792
2364,179426,179425
2365,179476,179475
2366,179517,179516
2367,179559,179558
2368,179602,179601
2369,179644,179643
2370,179685,179684
2371,179726,179725
2372,179767,179766
2373,179809,179808
2374,179852,179851
2375,179896,179895
2376,179939,179938
2377,179981,179980
2378,180024,180023
2379,180067,180066
2380,180109,180108
2381,180152,180151
2382,180195,180194
2383,180238,180237
2384,180280,180279
2385,180321,180320
2386,180363,180362
2387,180405,180404
2388,180447,180446
2389,180490,180489
2390,180532,180531
2391,180574,180573
2392,180615,180614
2393,180660,180659
2394,180704,180703
2395,180749,180748
2396,180792,180791
2397,180835,180834
2398,180878,180877
2399,180921,180920
2400,180964,180963
2401,181006,181005
2402,181046,181045
2403,181088,181087
2404,181129,181128
2405,181175,181174
2406,181219,181218
2407,181263,181262
2408,181306,181305
2409,181349,181348
2410,181392,181391
2411,181434,181433
2412,181476,181475
2413,181520,181519
2414,181564,181563
2415,181609,181608
2416,181654,181653
2417,181699,181698
2418,181745,181744
2419,181790,181789
2420,181836,181835
2421,181880,181879
2422,181926,181925
2423,181972,181971
2424,182019,182018
2425,182067,182066
2426,182116,182115
2427,182163,182162
2428,182213,182212
2429,182264,182263
2430,182317,182316
2431,182371,182370
2432,182422,182421
2433,182469,182468
2434,182516,182515
2435,182575,182574
2436,182630,182629
2437,182680,182679
2438,182727,182726
2439,182774,182773
2440,182820,182819
2441,182867,182866
2442,182915,182914
2443,182967,182966
2444,183024,183023
2445,183109,183108
2446,183225,183224
2447,183319,183318
2448,183420,183419
2449,183839,183838
2450,184030,184029
2451,184261,184260
2452,184472,184471
2453,184555,184554
2454,184655,184654
2455,184716,184715
2456,184777,184776
2457,184879,184878
2458,184987,184986
2459,185045,185044
2460,185092,185091
2461,185136,185135
2462,185181,185180
2463,185225,185224
2464,185269,185268
2465,185313,185312
2466,185357,185356
2467,185402,185401
2468,185448,185447
2469,185495,185494
2470,185540,185539
2471,185583,185582
2472,185626,185625
2473,185667,185666
2474,185708,185707
2475,185748,185747
2476,185786,185785
2477,185827,185826
2478,185869,185868
2479,185914,185913
2480,185963,185962
2481,186011,186010
2482,186056,186055
2483,186097,186096
2484,186136,186135
2485,186176,186175
2486,186215,186214
2487,186254,186253
2488,186293,186292
2489,186332,186331
2490,186374,186373
2491,186416,186415
2492,186459,186458
2493,186504,186503
2494,186550,186549
2495,186594,186593
2496,186639,186638
2497,186682,186681
2498,186725,186724
2499,186768,186767
2500,186811,186810
2501,186853,186852
2502,186895,186894
2503,186937,186936
2504,186980,186979
2505,187024,187023
2506,187068,187067
2507,187111,187110
2508,187154,187153
2509,187196,187195
2510,187238,187237
2511,187282,187281
2512,187326,187325
2513,187371,187370
2514,187417,187416
2515,187471,187470
2516,187532,187531
2517,187621,187620
2518,188070,188069
2519,188204,188203
2520,188497,188496
2521,188994,188993
2522,189077,189076
2523,189136,189135
2524,189182,189181
2525,189226,189225
2526,189269,189268
2527,189312,189311
2528,189356,189355
2529,189400,189399
2530,189444,189443
2531,189491,189490
2532,189547,189546
2533,189608,189607
2534,189662,189661
2535,189710,189709
2536,189755,189754
2537,189801,189800
2538,189846,189845
2539,189893,189892
2540,189944,189943
2541,189993,189992
2542,190040,190039
2543,190086,190085
2544,190131,190130
2545,190175,190174
2546,190219,190218
2547,190263,190262
2548,190308,190307
2549,190354,190353
2550,190403,190402
2551,190452,190451
2552,190502,190501
2553,190547,190546
2554,190592,190591
2555,190637,190636
2556,190682,190681
2557,190726,190725
2558,190769,190768
2559,190812,190811
2560,190855,190854
2561,190899,190898
2562,190941,190940
2563,190984,190983
2564,191028,191027
2565,191073,191072
2566,191118,191117
2567,191163,191162
2568,191207,191206
2569,191252,191251
2570,191295,191294
2571,191339,191338
2572,191382,191381
2573,191426,191425
2574,191470,191469
2575,191514,191513
2576,191557,191556
2577,191600,191599
2578,191643,191642
2579,191688,191687
2580,191733,191732
2581,191780,191779
2582,191826,191825
2583,191870,191869
2584,191914,191913
2585,191959,191958
2586,192002,192001
2587,192046,192045
2588,192088,192087
2589,192133,192132
2590,192180,192179
2591,192227,192226
2592,192273,192272
2593,192316,192315
2594,192359,192358
2595,192402,192401
2596,192447,192446
2597,192493,192492
2598,192539,192538
2599,192584,192583
2600,192629,192628
2601,192675,192674
2602,192724,192723
2603,192778,192777
2604,192825,192824
2605,192869,192868
2606,192915,192914
2607,192961,192960
2608,193010,193009
2609,193057,193056
2610,193103,193102
2611,193148,193147
2612,193194,193193
2613,193238,193237
2614,193283,193282
2615,193331,193330
2616,193379,193378
2617,193424,193423
2618,193467,193466
2619,193510,193509
2620,193553,193552
2621,193596,193595
2622,193640,193639
2623,193684,193683
2624,193727,193726
2625,193771,193770
2626,193815,193814
2627,193860,193859
2628,193905,193904
2629,193949,193948
2630,193994,193993
2631,194038,194037
2632,194082,194081
2633,194126,194125
2634,194171,194170
2635,194215,194214
2636,194260,194259
2637,194308,194307
2638,194358,194357
2639,194408,194407
2640,194452,194451
2641,194493,194492
2642,194533,194532
2643,194573,194572
2644,194613,194612
2645,194652,194651
2646,194692,194691
2647,194733,194732
2648,194774,194773
2649,194818,194817
2650,194865,194864
2651,194914,194913
2652,194958,194957
2653,195001,195000
2654,195044,195043
2655,195084,195083
2656,195123,195122
2657,195160,195159
2658,195196,195195
2659,195234,195233
2660,195281,195280
2661,195340,195339
2662,195399,195398
2663,195450,195449
2664,195501,195500
2665,195555,195554
2666,195601,195600
2667,195640,195639
2668,195677,195676
2669,195714,195713
2670,195752,195751
2671,195791,195790
2672,195829,195828
2673,195869,195868
2674,195917,195916
2675,195970,195969
2676,196025,196024
2677,196081,196080
2678,196195,196194
2679,196529,196528
2680,196900,196899
2681,197004,197003
2682,197062,197061
2683,197116,197115
2684,197174,197173
2685,197227,197226
2686,197277,197276
2687,197323,197322
2688,197368,197367
2689,197412,197411
2690,197456,197455
2691,197501,197500
2692,197545,197544
2693,197587,197586
2694,197630,197629
2695,197676,197675
2696,197722,197721
2697,197768,197767
2698,197813,197812
2699,197856,197855
2700,197898,197897
2701,197943,197942
2702,197990,197989
2703,198051,198050
2704,198198,198197
2705,198553,198552
2706,198895,198894
2707,198985,198984
2708,199037,199036
2709,199083,199082
2710,199126,199125
2711,199169,199168
2712,199211,199210
2713,199254,199253
2714,199296,199295
2715,199340,199339
2716,199385,199384
2717,199429,199428
2718,199472,199471
2719,199517,199516
2720,199562,199561
2721,199606,199605
2722,199649,199648
2723,199692,199691
2724,199739,199738
2725,199785,199784
2726,199831,199830
2727,199875,199874
2728,199919,199918
2729,199965,199964
2730,200009,200008
2731,200050,200049
2732,200091,200090
2733,200132,200131
2734,200175,200174
2735,200220,200219
2736,200266,200265
2737,200315,200314
2738,200369,200368
2739,200420,200419
2740,200472,200471
2741,200523,200522
2742,200573,200572
2743,200621,200620
2744,200668,200667
2745,200715,200714
2746,200761,200760
2747,200809,200808
2748,200856,200855
2749,200904,200903
2750,200951,200950
2751,200997,200996
2752,201040,201039
2753,201085,201084
2754,201133,201132
2755,201176,201175
2756,201222,201221
2757,201270,201269
2758,201323,201322
2759,201382,201381
2760,201441,201440
2761,201505,201504
2762,201569,201568
2763,201635,201634
2764,201700,201699
2765,201768,201767
2766,201835,201834
2767,201894,201893
2768,201948,201947
2769,202003,202002
2770,202056,202055
2771,202114,202113
2772,202179,202178
2773,202241,202240
2774,202304,202303
2775,202367,202366
2776,202428,202427
2777,202485,202484
2778,202544,202543
2779,202604,202603
2780,202663,202662
2781,202721,202720
2782,202773,202772
2783,202821,202820
2784,202869,202868
2785,202915,202914
2786,202960,202959
2787,203009,203008
2788,203064,203063
2789,203120,203119
2790,203176,203175
2791,203232,203231
2792,203290,203289
2793,203345,203344
2794,203397,203396
2795,203451,203450
2796,203508,203507
2797,203562,203561
2798,203614,203613
2799,203662,203661
2800,203710,203709
2801,203759,203758
2802,203810,203809
2803,203859,203858
2804,203909,203908
2805,203957,203956
2806,204009,204008
2807,204066,204065
2808,204121,204120
2809,204216,204215
2810,204774,204773
2811,204868,204867
2812,204921,204920
2813,204970,204969
2814,205020,205019
2815,205076,205075
2816,205145,205144
2817,205294,205293
2818,205527,205526
2819,205607,205606
2820,205728,205727
2821,205831,205830
2822,206014,206013
2823,206476,206475
2824,206544,206543
2825,206594,206593
2826,206641,206640
2827,206686,206685
2828,206730,206729
2829,206773,206772
2830,206821,206820
2831,206867,206866
2832,206914,206913
2833,206961,206960
2834,207006,207005
2835,207051,207050
2836,207098,207097
2837,207148,207147
2838,207196,207195
2839,207243,207242
2840,207292,207291
2841,207341,207340
2842,207389,207388
2843,207434,207433
2844,207481,207480
2845,207528,207527
2846,207574,207573
2847,207620,207619
2848,207667,207666
2849,207713,207712
2850,207757,207756
2851,207800,207799
2852,207842,207841
2853,207885,207884
2854,207928,207927
2855,207971,207970
2856,208015,208014
2857,208059,208058
2858,208103,208102
2859,208149,208148
2860,208194,208193
2861,208240,208239
2862,208286,208285
2863,208330,208329
2864,208374,208373
2865,208416,208415
2866,208458,208457
2867,208500,208499
2868,208543,208542
2869,208585,208584
2870,208629,208628
2871,208676,208675
2872,208723,208722
2873,208771,208770
2874,208817,208816
2875,208867,208866
2876,208919,208918
2877,208971,208970
2878,209018,209017
2879,209059,209058
2880,209097,209096
2881,209133,209132
2882,209165,209164
2883,209198,209197
2884,209230,209229
2885,209266,209265
2886,209306,209305
2887,209351,209350
2888,209395,209394
2889,209436,209435
2890,209475,209474
2891,209513,209512
2892,209552,209551
2893,209587,209586
2894,209622,209621
2895,209654,209653
2896,209685,209684
2897,209716,209715
2898,209747,209746
2899,209780,209779
2900,209815,209814
2901,209853,209852
2902,209894,209893
2903,209935,209934
2904,209976,209975
2905,210018,210017
2906,210059,210058
2907,210098,210097
2908,210134,210133
2909,210168,210167
2910,210199,210198
2911,210231,210230
2912,210263,210262
2913,210298,210297
2914,210336,210335
2915,210376,210375
2916,210420,210419
2917,210463,210462
2918,210505,210504
2919,210547,210546
2920,210590,210589
2921,210631,210630
2922,210674,210673
2923,210723,210722
2924,210781,210780
2925,210859,210858
2926,211935,211934
2927,212023,212022
2928,212073,212072
2929,212118,212117
2930,212163,212162
2931,212207,212206
2932,212251,212250
2933,212295,212294
2934,212338,212337
2935,212382,212381
2936,212425,212424
2937,212470,212469
2938,212512,212511
2939,212554,212553
2940,212596,212595
2941,212638,212637
2942,212681,212680
2943,212725,212724
2944,212769,212768
2945,212815,212814
2946,212860,212859
2947,212906,212905
2948,212949,212948
2949,212992,212991
2950,213034,213033
2951,213077,213076
2952,213120,213119
2953,213164,213163
2954,213207,213206
2955,213254,213253
2956,213299,213298
2957,213345,213344
2958,213388,213387
2959,213432,213431
2960,213475,213474
2961,213518,213517
2962,213562,213561
2963,213605,213604
2964,213647,213646
2965,213691,213690
2966,213735,213734
2967,213778,213777
2968,213821,213820
2969,213865,213864
2970,213909,213908
2971,213951,213950
2972,213994,213993
2973,214036,214035
2974,214080,214079
2975,214124,214123
2976,214168,214167
2977,214213,214212
2978,214255,214254
2979,214299,214298
2980,214359,214358
2981,214525,214524
2982,215191,215190
2983,215279,215278
2984,215330,215329
2985,215374,215373
2986,215417,215416
2987,215460,215459
2988,215503,215502
2989,215547,215546
2990,215589,215588
2991,215632,215631
2992,215675,215674
2993,215718,215717
2994,215762,215761
2995,215806,215805
2996,215849,215848
2997,215891,215890
2998,215933,215932
2999,215976,215975
3000,216018,216017
3001,216059,216058
3002,216100,216099
3003,216143,216142
3004,216184,216183
3005,216226,216225
3006,216267,216266
3007,216308,216307
3008,216350,216349
3009,216396,216395
3010,216444,216443
3011,216494,216493
3012,216554,216553
3013,216883,216882
3014,217102,217101
3015,217326,217325
3016,217415,217414
3017,217469,217468
3018,217513,217512
3019,217554,217553
3020,217598,217597
3021,217640,217639
3022,217685,217684
3023,217728,217727
3024,217771,217770
3025,217814,217813
3026,217858,217857
3027,217902,217901
3028,217943,217942
3029,217984,217983
3030,218024,218023
3031,218064,218063
3032,218105,218104
3033,218147,218146
3034,218189,218188
3035,218232,218231
3036,218274,218273
3037,218316,218315
3038,218356,218355
3039,218398,218397
3040,218440,218439
3041,218484,218483
3042,218528,218527
3043,218571,218570
3044,218615,218614
3045,218657,218656
3046,218700,218699
3047,218743,218742
3048,218785,218784
3049,218828,218827
3050,218872,218871
3051,218914,218913
3052,218959,218958
3053,219002,219001
3054,219045,219044
3055,219087,219086
3056,219129,219128
3057,219170,219169
3058,219212,219211
3059,219254,219253
3060,219295,219294
3061,219337,219336
3062,219378,219377
3063,219419,219418
3064,219459,219458
3065,219500,219499
3066,219541,219540
3067,219581,219580
3068,219621,219620
3069,219661,219660
3070,219700,219699
3071,219739,219738
3072,219781,219780
3073,219824,219823
3074,219870,219869
3075,219916,219915
3076,219957,219956
3077,219995,219994
3078,220036,220035
3079,220090,220089
3080,220433,220432
3081,220552,220551
3082,221352,221351
3083,221415,221414
3084,221461,221460
3085,221505,221504
3086,221549,221548
3087,221589,221588
3088,221630,221629
3089,221670,221669
3090,221712,221711
3091,221755,221754
3092,221800,221799
3093,221844,221843
3094,221887,221886
3095,221932,221931
3096,221977,221976
3097,222023,222022
3098,222068,222067
3099,222111,222110
3100,222158,222157
3101,222206,222205
3102,222255,222254
3103,222300,222299
3104,222345,222344
3105,222389,222388
3106,222433,222432
3107,222476,222475
3108,222520,222519
3109,222567,222566
3110,222617,222616
3111,222665,222664
3112,222713,222712
3113,222758,222757
3114,222803,222802
3115,222848,222847
3116,222893,222892
3117,222940,222939
3118,222989,222988
3119,223037,223036
3120,223084,223083
3121,223130,223129
3122,223172,223171
3123,223216,223215
3124,223260,223259
3125,223303,223302
3126,223346,223345
3127,223390,223389
3128,223432,223431
3129,223475,223474
3130,223517,223516
3131,223559,223558
3132,223600,223599
3133,223643,223642
3134,223684,223683
3135,223725,223724
3136,223766,223765
3137,223806,223805
3138,223847,223846
3139,223889,223888
3140,223930,223929
3141,223971,223970
3142,224013,224012
3143,224052,224051
3144,224092,224091
3145,224133,224132
3146,224175,224174
3147,224217,224216
3148,224260,224259
3149,224303,224302
3150,224347,224346
3151,224389,224388
3152,224432,224431
3153,224475,224474
3154,224517,224516
3155,224558,224557
3156,224598,224597
3157,224639,224638
3158,224680,224679
3159,224721,224720
3160,224763,224762
3161,224808,224807
3162,224850,224849
3163,224892,224891
3164,224933,224932
3165,224976,224975
3166,225019,225018
3167,225061,225060
3168,225102,225101
3169,225142,225141
3170,225183,225182
3171,225223,225222
3172,225264,225263
3173,225305,225304
3174,225346,225345
3175,225387,225386
3176,225427,225426
3177,225468,225467
3178,225510,225509
3179,225557,225556
3180,225603,225602
3181,225646,225645
3182,225690,225689
3183,225732,225731
3184,225773,225772
3185,225814,225813
3186,225857,225856
3187,225900,225899
3188,225944,225943
3189,225988,225987
3190,226031,226030
3191,226074,226073
3192,226115,226114
3193,226157,226156
3194,226199,226198
3195,226241,226240
3196,226283,226282
3197,226325,226324
3198,226367,226366
3199,226410,226409
3200,226452,226451
3201,226495,226494
3202,226536,226535
3203,226576,226575
3204,226614,226613
3205,226656,226655
3206,226699,226698
3207,226743,226742
3208,226785,226784
3209,226825,226824
3210,226866,226865
3211,226908,226907
3212,226950,226949
3213,226994,226993
3214,227038,227037
3215,227082,227081
3216,227126,227125
3217,227170,227169
3218,227212,227211
3219,227256,227255
3220,227298,227297
3221,227342,227341
3222,227386,227385
3223,227434,227433
3224,227485,227484
3225,227545,227544
3226,227625,227624
3227,227781,227780
3228,227892,227891
3229,228008,228007
3230,228118,228117
3231,228239,228238
3232,228424,228423
3233,228483,228482
3234,228541,228540
3235,228591,228590
3236,228667,228666
3237,228882,228881
3238,228950,228949
3239,229001,229000
3240,229044,229043
3241,229087,229086
3242,229129,229128
3243,229170,229169
3244,229214,229213
3245,229258,229257
3246,229303,229302
3247,229346,229345
3248,229389,229388
3249,229434,229433
3250,229477,229476
3251,229519,229518
3252,229559,229558
3253,229600,229599
3254,229641,229640
3255,229684,229683
3256,229726,229725
3257,229768,229767
3258,229809,229808
3259,229850,229849
3260,229890,229889
3261,229931,229930
3262,229972,229971
3263,230015,230014
3264,230057,230056
3265,230098,230097
3266,230140,230139
3267,230182,230181
3268,230224,230223
3269,230267,230266
3270,230310,230309
3271,230354,230353
3272,230397,230396
3273,230442,230441
3274,230488,230487
3275,230544,230543
3276,230601,230600
3277,230660,230659
3278,230719,230718
3279,230770,230769
3280,230818,230817
3281,230881,230880
3282,231172,231171
3283,231379,231378
3284,231443,231442
3285,231500,231499
3286,231635,231634
3287,231829,231828
3288,231910,231909
3289,231959,231958
3290,232007,232006
3291,232053,232052
3292,232097,232096
3293,232141,232140
3294,232185,232184
3295,232229,232228
3296,232274,232273
3297,232318,232317
3298,232363,232362
3299,232407,232406
3300,232452,232451
3301,232497,232496
3302,232543,232542
3303,232588,232587
3304,232632,232631
3305,232676,232675
3306,232719,232718
3307,232762,232761
3308,232805,232804
3309,232848,232847
3310,232891,232890
3311,232936,232935
3312,232979,232978
3313,233022,233021
3314,233065,233064
3315,233109,233108
3316,233153,233152
3317,233196,233195
3318,233239,233238
3319,233282,233281
3320,233324,233323
3321,233366,233365
3322,233408,233407
3323,233449,233448
3324,233492,233491
3325,233535,233534
3326,233582,233581
3327,233626,233625
3328,233670,233669
3329,233712,233711
3330,233753,233752
3331,233794,233793
3332,233836,233835
3333,233879,233878
3334,233921,233920
3335,233964,233963
3336,234006,234005
3337,234050,234049
3338,234092,234091
3339,234133,234132
3340,234173,234172
3341,234214,234213
3342,234254,234253
3343,234294,234293
3344,234335,234334
3345,234377,234376
3346,234417,234416
3347,234458,234457
3348,234500,234499
3349,234541,234540
3350,234583,234582
3351,234624,234623
3352,234665,234664
3353,234706,234705
3354,234748,234747
3355,234791,234790
3356,234834,234833
3357,234877,234876
3358,234922,234921
3359,234968,234967
3360,235012,235011
3361,235056,235055
3362,235100,235099
3363,235148,235147
3364,235197,235196
3365,235245,235244
3366,235289,235288
3367,235331,235330
3368,235374,235373
3369,235417,235416
3370,235460,235459
3371,235504,235503
3372,235546,235545
3373,235588,235587
3374,235630,235629
3375,235674,235673
3376,235717,235716
3377,235761,235760
3378,235804,235803
3379,235848,235847
3380,235893,235892
3381,235938,235937
3382,235984,235983
3383,236030,236029
3384,236075,236074
3385,236118,236117
3386,236161,236160
3387,236203,236202
3388,236244,236243
3389,236286,236285
3390,236327,236326
3391,236368,236367
3392,236410,236409
3393,236453,236452
3394,236495,236494
3395,236537,236536
3396,236579,236578
3397,236621,236620
3398,236665,236664
3399,236710,236709
3400,236756,236755
3401,236800,236799
3402,236844,236843
3403,236887,236886
3404,236930,236929
3405,236973,236972
3406,237015,237014
3407,237057,237056
3408,237098,237097
3409,237139,237138
3410,237180,237179
3411,237221,237220
3412,237263,237262
3413,237305,237304
3414,237347,237346
3415,237391,237390
3416,237436,237435
3417,237480,237479
3418,237524,237523
3419,237566,237565
3420,237608,237607
3421,237651,237650
3422,237694,237693
3423,237737,237736
3424,237780,237779
3425,237821,237820
3426,237863,237862
3427,237904,237903
3428,237947,237946
3429,237988,237987
3430,238031,238030
3431,238076,238075
3432,238118,238117
3433,238157,238156
3434,238195,238194
3435,238234,238233
3436,238276,238275
3437,238318,238317
3438,238361,238360
3439,238403,238402
3440,238448,238447
3441,238493,238492
3442,238538,238537
3443,238582,238581
3444,238627,238626
3445,238673,238672
3446,238721,238720
3447,238767,238766
3448,238812,238811
3449,238856,238855
3450,238899,238898
3451,238940,238939
3452,238979,238978
3453,239018,239017
3454,239057,239056
3455,239098,239097
3456,239141,239140
3457,239186,239185
3458,239229,239228
3459,239273,239272
3460,239316,239315
3461,239360,239359
3462,239402,239401
3463,239447,239446
3464,239490,239489
3465,239533,239532
3466,239578,239577
3467,239626,239625
3468,239676,239675
3469,239728,239727
3470,239778,239777
3471,239824,239823
3472,239869,239868
3473,239912,239911
3474,239955,239954
3475,239998,239997
3476,240040,240039
3477,240082,240081
3478,240123,240122
3479,240165,240164
3480,240208,240207
3481,240253,240252
3482,240297,240296
3483,240341,240340
3484,240384,240383
3485,240427,240426
3486,240470,240469
3487,240514,240513
3488,240565,240564
3489,240618,240617
3490,240729,240728
3491,240834,240833
3492,240954,240953
3493,241288,241287
3494,241388,241387
3495,241441,241440
3496,241487,241486
3497,241531,241530
3498,241576,241575
3499,241620,241619
3500,241664,241663
3501,241710,241709
3502,241757,241756
3503,241805,241804
3504,241852,241851
3505,241898,241897
3506,241942,241941
3507,241987,241986
3508,242029,242028
3509,242073,242072
3510,242116,242115
3511,242161,242160
3512,242207,242206
3513,242255,242254
3514,242302,242301
3515,242349,242348
3516,242395,242394
3517,242441,242440
3518,242488,242487
3519,242534,242533
3520,242578,242577
3521,242623,242622
3522,242670,242669
3523,242722,242721
3524,242775,242774
3525,242825,242824
3526,242871,242870
3527,242915,242914
3528,242959,242958
3529,243002,243001
3530,243047,243046
3531,243091,243090
3532,243136,243135
3533,243179,243178
3534,243222,243221
3535,243265,243264
3536,243309,243308
3537,243352,243351
3538,243395,243394
3539,243440,243439
3540,243485,243484
3541,243530,243529
3542,243573,243572
3543,243617,243616
3544,243660,243659
3545,243703,243702
3546,243748,243747
3547,243791,243790
3548,243834,243833
3549,243877,243876
3550,243921,243920
3551,243965,243964
3552,244008,244007
3553,244050,244049
3554,244093,244092
3555,244138,244137
3556,244181,244180
3557,244225,244224
3558,244284,244283
3559,244720,244719
3560,246424,246423
3561,246481,246480
3562,246530,246529
3563,246574,246573
3564,246618,246617
3565,246661,246660
3566,246706,246705
3567,246750,246749
3568,246794,246793
3569,246839,246838
3570,246883,246882
3571,246926,246925
3572,246970,246969
3573,247013,247012
3574,247057,247056
3575,247101,247100
3576,247145,247144
3577,247190,247189
3578,247233,247232
3579,247276,247275
3580,247320,247319
3581,247367,247366
3582,247413,247412
3583,247459,247458
3584,247506,247505
3585,247553,247552
3586,247599,247598
3587,247646,247645
3588,247693,247692
3589,247739,247738
3590,247786,247785
3591,247832,247831
3592,247878,247877
3593,247924,247923
3594,247970,247969
3595,248016,248015
3596,248061,248060
3597,248105,248104
3598,248149,248148
3599,248193,248192
3600,248237,248236
3601,248280,248279
3602,248326,248325
3603,248371,248370
3604,248414,248413
3605,248458,248457
3606,248502,248501
3607,248547,248546
3608,248591,248590
3609,248635,248634
3610,248679,248678
3611,248722,248721
3612,248766,248765
3613,248811,248810
3614,248855,248854
3615,248900,248899
3616,248946,248945
3617,248998,248997
3618,249056,249055
3619,249112,249111
3620,249161,249160
3621,249208,249207
3622,249257,249256
3623,249303,249302
3624,249349,249348
3625,249396,249395
3626,249441,249440
3627,249486,249485
3628,249531,249530
3629,249575,249574
3630,249619,249618
3631,249664,249663
3632,249710,249709
3633,249754,249753
3634,249801,249800
3635,249845,249844
3636,249892,249891
3637,249938,249937
3638,249985,249984
3639,250031,250030
3640,250076,250075
3641,250120,250119
3642,250165,250164
3643,250211,250210
3644,250257,250256
3645,250303,250302
3646,250348,250347
3647,250393,250392
3648,250437,250436
3649,250481,250480
3650,250526,250525
3651,250570,250569
3652,250616,250615
3653,250661,250660
3654,250707,250706
3655,250752,250751
3656,250798,250797
3657,250845,250844
3658,250892,250891
3659,250939,250938
3660,250990,250989
3661,251039,251038
3662,251084,251083
3663,251128,251127
3664,251173,251172
3665,251219,251218
3666,251264,251263
3667,251309,251308
3668,251359,251358
3669,251414,251413
3670,251478,251477
3671,251535,251534
3672,251591,251590
3673,251643,251642
3674,251692,251691
3675,251739,251738
3676,251785,251784
3677,251833,251832
3678,251880,251879
3679,251927,251926
3680,251976,251975
3681,252027,252026
3682,252080,252079
3683,252132,252131
3684,252184,252183
3685,252233,252232
3686,252281,252280
3687,252333,252332
3688,252388,252387
3689,252442,252441
3690,252496,252495
3691,252546,252545
3692,252595,252594
3693,252644,252643
3694,252692,252691
3695,252744,252743
3696,252795,252794
3697,252841,252840
3698,252888,252887
3699,252931,252930
3700,252975,252974
3701,253019,253018
3702,253062,253061
3703,253109,253108
3704,253162,253161
3705,253226,253225
3706,253289,253288
3707,253348,253347
3708,253402,253401
3709,253451,253450
3710,253498,253497
3711,253540,253539
3712,253583,253582
3713,253624,253623
3714,253668,253667
3715,253712,253711
3716,253758,253757
3717,253810,253809
3718,253864,253863
3719,253917,253916
3720,253974,253973
3721,254036,254035
3722,254097,254096
3723,254154,254153
3724,254208,254207
3725,254263,254262
3726,254318,254317
3727,254375,254374
3728,254431,254430
3729,254489,254488
3730,254546,254545
3731,254602,254601
3732,254655,254654
3733,254706,254705
3734,254754,254753
3735,254801,254800
3736,254852,254851
3737,254900,254899
3738,254947,254946
3739,254991,254990
3740,255032,255031
3741,255074,255073
3742,255114,255113
3743,255154,255153
3744,255194,255193
3745,255232,255231
3746,255274,255273
3747,255317,255316
3748,255362,255361
3749,255412,255411
3750,255476,255475
3751,255541,255540
3752,255600,255599
3753,255649,255648
3754,255691,255690
3755,255731,255730
3756,255767,255766
3757,255805,255804
3758,255842,255841
3759,255879,255878
3760,255917,255916
3761,255959,255958
3762,256011,256010
3763,256068,256067
3764,256125,256124
3765,256178,256177
3766,256239,256238
3767,256291,256290
3768,256336,256335
3769,256375,256374
3770,256413,256412
3771,256449,256448
3772,256487,256486
3773,256530,256529
3774,256574,256573
3775,256623,256622
3776,256669,256668
3777,256720,256719
3778,256771,256770
3779,256822,256821
3780,256871,256870
3781,256916,256915
3782,256960,256959
3783,256999,256998
3784,257037,257036
3785,257073,257072
3786,257107,257106
3787,257143,257142
3788,257180,257179
3789,257222,257221
3790,257268,257267
3791,257319,257318
3792,257368,257367
3793,257431,257430
3794,257489,257488
3795,257536,257535
3796,257574,257573
3797,257610,257609
3798,257645,257644
3799,257683,257682
3800,257719,257718
3801,257756,257755
3802,257795,257794
3803,257835,257834
3804,257877,257876
3805,257922,257921
3806,257972,257971
3807,258023,258022
3808,258072,258071
3809,258113,258112
3810,258151,258150
3811,258186,258185
3812,258219,258218
3813,258252,258251
3814,258285,258284
3815,258319,258318
3816,258357,258356
3817,258398,258397
3818,258442,258441
3819,258487,258486
3820,258535,258534
3821,258581,258580
3822,258628,258627
3823,258676,258675
3824,258723,258722
3825,258771,258770
3826,258819,258818
3827,258865,258864
3828,258911,258910
3829,258958,258957
3830,259006,259005
3831,259066,259065
3832,259495,259494
3833,259593,259592
3834,259649,259648
3835,259695,259694
3836,259741,259740
3837,259787,259786
3838,259835,259834
3839,259884,259883
3840,259931,259930
3841,259978,259977
3842,260024,260023
3843,260071,260070
3844,260117,260116
3845,260162,260161
3846,260208,260207
3847,260255,260254
3848,260302,260301
3849,260350,260349
3850,260395,260394
3851,260439,260438
3852,260481,260480
3853,260526,260525
3854,260571,260570
3855,260617,260616
3856,260662,260661
3857,260706,260705
3858,260749,260748
3859,260793,260792
3860,260835,260834
3861,260878,260877
3862,260922,260921
3863,260967,260966
3864,261025,261024
3865,261102,261101
3866,261161,261160
3867,261212,261211
3868,261259,261258
3869,261309,261308
3870,261362,261361
3871,261420,261419
3872,261476,261475
3873,261543,261542
3874,261628,261627
3875,261688,261687
3876,261738,261737
3877,261786,261785
3878,261834,261833
3879,261887,261886
3880,261934,261933
3881,261981,261980
3882,262027,262026
3883,262072,262071
3884,262114,262113
3885,262160,262159
3886,262204,262203
3887,262251,262250
3888,262296,262295
3889,262343,262342
3890,262392,262391
3891,262448,262447
3892,262504,262503
3893,262557,262556
3894,262606,262605
3895,262655,262654
3896,262702,262701
3897,262748,262747
3898,262794,262793
3899,262840,262839
3900,262885,262884
3901,262929,262928
3902,262975,262974
3903,263019,263018
3904,263063,263062
3905,263107,263106
3906,263151,263150
3907,263195,263194
3908,263238,263237
3909,263283,263282
3910,263327,263326
3911,263373,263372
3912,263418,263417
3913,263462,263461
3914,263504,263503
3915,263547,263546
3916,263591,263590
3917,263636,263635
3918,263680,263679
3919,263725,263724
3920,263770,263769
3921,263826,263825
3922,263884,263883
3923,263937,263936
3924,263985,263984
3925,264033,264032
3926,264084,264083
3927,264134,264133
3928,264183,264182
3929,264232,264231
3930,264285,264284
3931,264339,264338
3932,264390,264389
3933,264441,264440
3934,264496,264495
3935,264553,264552
3936,264608,264607
3937,264657,264656
3938,264708,264707
3939,264761,264760
3940,264813,264812
3941,264870,264869
3942,264927,264926
3943,264987,264986
3944,265042,265041
3945,265104,265103
3946,265161,265160
3947,265217,265216
3948,265271,265270
3949,265326,265325
3950,265377,265376
3951,265428,265427
3952,265477,265476
3953,265525,265524
3954,265571,265570
3955,265618,265617
3956,265665,265664
3957,265712,265711
3958,265759,265758
3959,265807,265806
3960,265854,265853
3961,265903,265902
3962,265951,265950
3963,266001,266000
3964,266051,266050
3965,266104,266103
3966,266153,266152
3967,266203,266202
3968,266252,266251
3969,266301,266300
3970,266353,266352
3971,266405,266404
3972,266455,266454
3973,266504,266503
3974,266552,266551
3975,266602,266601
3976,266651,266650
3977,266700,266699
3978,266751,266750
3979,266800,266799
3980,266848,266847
3981,266897,266896
3982,266945,266944
3983,266992,266991
3984,267037,267036
3985,267081,267080
3986,267125,267124
3987,267171,267170
3988,267220,267219
3989,267272,267271
3990,267325,267324
3991,267377,267376
3992,267429,267428
3993,267480,267479
3994,267532,267531
3995,267584,267583
3996,267634,267633
3997,267682,267681
3998,267732,267731
3999,267784,267783
4000,267836,267835
4001,267886,267885
4002,267935,267934
4003,267984,267983
4004,268034,268033
4005,268088,268087
4006,268137,268136
4007,268184,268183
4008,268230,268229
4009,268275,268274
4010,268317,268316
4011,268362,268361
4012,268410,268409
4013,268458,268457
4014,268506,268505
4015,268556,268555
4016,268608,268607
4017,268664,268663
4018,268722,268721
4019,268778,268777
4020,268835,268834
4021,268899,268898
4022,268967,268966
4023,269048,269047
4024,269129,269128
4025,269214,269213
4026,270271,270270
4027,270343,270342
4028,270395,270394
4029,270443,270442
4030,270492,270491
4031,270539,270538
4032,270586,270585
4033,270632,270631
4034,270677,270676
4035,270721,270720
4036,270766,270765
4037,270812,270811
4038,270857,270856
4039,270902,270901
4040,270946,270945
4041,270991,270990
4042,271035,271034
4043,271079,271078
4044,271123,271122
4045,271168,271167
4046,271213,271212
4047,271259,271258
4048,271305,271304
4049,271353,271352
4050,271398,271397
4051,271444,271443
4052,271490,271489
4053,271535,271534
4054,271581,271580
4055,271626,271625
4056,271671,271670
4057,271716,271715
4058,271761,271760
4059,271805,271804
4060,271849,271848
4061,271894,271893
4062,271940,271939
4063,271985,271984
4064,272029,272028
4065,272075,272074
4066,272119,272118
4067,272163,272162
4068,272207,272206
4069,272251,272250
4070,272296,272295
4071,272340,272339
4072,272385,272384
4073,272430,272429
4074,272475,272474
4075,272520,272519
4076,272565,272564
4077,272610,272609
4078,272655,272654
4079,272698,272697
4080,272742,272741
4081,272787,272786
4082,272832,272831
4083,272878,272877
4084,272925,272924
4085,272978,272977
4086,273041,273040
4087,273111,273110
4088,273173,273172
4089,273226,273225
4090,273277,273276
4091,273323,273322
4092,273368,273367
4093,273413,273412
4094,273459,273458
4095,273505,273504
4096,273551,273550
4097,273597,273596
4098,273642,273641
4099,273687,273686
4100,273732,273731
4101,273778,273777
4102,273825,273824
4103,273871,273870
4104,273918,273917
4105,273964,273963
4106,274013,274012
4107,274062,274061
4108,274109,274108
4109,274155,274154
4110,274200,274199
4111,274244,274243
4112,274289,274288
4113,274334,274333
4114,274379,274378
4115,274426,274425
4116,274473,274472
4117,274519,274518
4118,274565,274564
4119,274609,274608
4120,274653,274652
4121,274697,274696
4122,274740,274739
4123,274782,274781
4124,274824,274823
4125,274870,274869
4126,274915,274914
4127,274961,274960
4128,275006,275005
4129,275051,275050
4130,275095,275094
4131,275143,275142
4132,275190,275189
4133,275236,275235
4134,275281,275280
4135,275325,275324
4136,275368,275367
4137,275414,275413
4138,275459,275458
4139,275504,275503
4140,275549,275548
4141,275595,275594
4142,275642,275641
4143,275687,275686
4144,275733,275732
4145,275779,275778
4146,275830,275829
4147,277036,277035
4148,277104,277103
4149,277152,277151
4150,277194,277193
4151,277233,277232
4152,277275,277274
4153,277314,277313
4154,277355,277354
4155,277394,277393
4156,277433,277432
4157,277470,277469
4158,277508,277507
4159,277546,277545
4160,277588,277587
4161,277633,277632
4162,277677,277676
4163,277724,277723
4164,277771,277770
4165,277814,277813
4166,277856,277855
4167,277896,277895
4168,277936,277935
4169,277976,277975
4170,278014,278013
4171,278051,278050
4172,278089,278088
4173,278131,278130
4174,278174,278173
4175,278222,278221
4176,278268,278267
4177,278311,278310
4178,278351,278350
4179,278391,278390
4180,278430,278429
4181,278468,278467
4182,278506,278505
4183,278544,278543
4184,278581,278580
4185,278618,278617
4186,278656,278655
4187,278695,278694
4188,278736,278735
4189,278778,278777
4190,278822,278821
4191,278867,278866
4192,278910,278909
4193,278952,278951
4194,278991,278990
4195,279030,279029
4196,279068,279067
4197,279108,279107
4198,279147,279146
4199,279186,279185
4200,279226,279225
4201,279264,279263
4202,279304,279303
4203,279347,279346
4204,279396,279395
4205,279456,279455
4206,279528,279527
4207,279600,279599
4208,279906,279905
4209,279973,279972
4210,280022,280021
4211,280069,280068
4212,280118,280117
4213,280167,280166
4214,280213,280212
4215,280253,280252
4216,280290,280289
4217,280327,280326
4218,280361,280360
4219,280395,280394
4220,280429,280428
4221,280465,280464
4222,280503,280502
4223,280545,280544
4224,280588,280587
4225,280636,280635
4226,280683,280682
4227,280736,280735
4228,280784,280783
4229,280828,280827
4230,280867,280866
4231,280902,280901
4232,280937,280936
4233,280974,280973
4234,281009,281008
4235,281044,281043
4236,281079,281078
4237,281116,281115
4238,281155,281154
4239,281196,281195
4240,281245,281244
4241,281647,281646
4242,281787,281786
4243,282136,282135
4244,282816,282815
4245,282871,282870
4246,282914,282913
4247,282955,282954
4248,282996,282995
4249,283038,283037
4250,283080,283079
4251,283122,283121
4252,283164,283163
4253,283207,283206
4254,283251,283250
4255,283298,283297
4256,283348,283347
4257,283395,283394
4258,283473,283472
4259,283996,283995
4260,284503,284502
4261,284597,284596
4262,284690,284689
4263,284740,284739
4264,284781,284780
4265,284821,284820
4266,284861,284860
4267,284900,284899
4268,284939,284938
4269,284980,284979
4270,285021,285020
4271,285062,285061
4272,285103,285102
4273,285145,285144
4274,285187,285186
4275,285229,285228
4276,285270,285269
4277,285310,285309
4278,285351,285350
4279,285392,285391
4280,285434,285433
4281,285477,285476
4282,285519,285518
4283,285561,285560
4284,285603,285602
4285,285644,285643
4286,285683,285682
4287,285724,285723
4288,285765,285764
4289,285807,285806
4290,285849,285848
4291,285890,285889
4292,285932,285931
4293,285974,285973
4294,286016,286015
4295,286057,286056
4296,286098,286097
4297,286138,286137
4298,286180,286179
4299,286222,286221
4300,286263,286262
4301,286306,286305
4302,286348,286347
4303,286391,286390
4304,286434,286433
4305,286478,286477
4306,286520,286519
4307,286562,286561
4308,286604,286603
4309,286646,286645
4310,286687,286686
4311,286729,286728
4312,286771,286770
4313,286815,286814
4314,286858,286857
4315,286901,286900
4316,286943,286942
4317,286986,286985
4318,287028,287027
4319,287071,287070
4320,287114,287113
4321,287156,287155
4322,287198,287197
4323,287241,287240
4324,287283,287282
4325,287325,287324
4326,287367,287366
4327,287409,287408
4328,287450,287449
4329,287492,287491
4330,287534,287533
4331,287577,287576
4332,287618,287617
4333,287661,287660
4334,287703,287702
4335,287745,287744
4336,287787,287786
4337,287829,287828
4338,287870,287869
4339,287912,287911
4340,287953,287952
4341,287995,287994
4342,288037,288036
4343,288079,288078
4344,288121,288120
4345,288163,288162
4346,288205,288204
4347,288248,288247
4348,288289,288288
4349,288332,288331
4350,288374,288373
4351,288417,288416
4352,288460,288459
4353,288503,288502
4354,288546,288545
4355,288590,288589
4356,288633,288632
4357,288676,288675
4358,288719,288718
4359,288762,288761
4360,288806,288805
4361,288850,288849
4362,288894,288893
4363,288937,288936
4364,288981,288980
4365,289024,289023
4366,289068,289067
4367,289111,289110
4368,289153,289152
4369,289197,289196
4370,289240,289239
4371,289282,289281
4372,289324,289323
4373,289366,289365
4374,289409,289408
4375,289450,289449
4376,289492,289491
4377,289535,289534
4378,289577,289576
4379,289619,289618
4380,289661,289660
4381,289702,289701
4382,289743,289742
4383,289784,289783
4384,289825,289824
4385,289866,289865
4386,289907,289906
4387,289947,289946
4388,289988,289987
4389,290030,290029
4390,290072,290071
4391,290114,290113
4392,290156,290155
4393,290198,290197
4394,290241,290240
4395,290283,290282
4396,290325,290324
4397,290366,290365
4398,290406,290405
4399,290447,290446
4400,290488,290487
4401,290530,290529
4402,290571,290570
4403,290613,290612
4404,290655,290654
4405,290698,290697
4406,290740,290739
4407,290781,290780
4408,290822,290821
4409,290863,290862
4410,290903,290902
4411,290943,290942
4412,290982,290981
4413,291022,291021
4414,291064,291063
4415,291106,291105
4416,291148,291147
4417,291189,291188
4418,291230,291229
4419,291271,291270
4420,291311,291310
4421,291351,291350
4422,291390,291389
4423,291432,291431
4424,291474,291473
4425,291517,291516
4426,291559,291558
4427,291597,291596
4428,291638,291637
4429,291680,291679
4430,291722,291721
4431,291762,291761
4432,291804,291803
4433,291856,291855
4434,291911,291910
4435,291962,291961
4436,292007,292006
4437,292052,292051
4438,292097,292096
4439,292141,292140
4440,292188,292187
4441,292238,292237
4442,292285,292284
4443,292327,292326
4444,292368,292367
4445,292409,292408
4446,292451,292450
4447,292495,292494
4448,292538,292537
4449,292582,292581
4450,292625,292624
4451,292668,292667
4452,292711,292710
4453,292753,292752
4454,292797,292796
4455,292841,292840
4456,292886,292885
4457,292929,292928
4458,292972,292971
4459,293015,293014
4460,293059,293058
4461,293102,293101
4462,293146,293145
4463,293190,293189
4464,293234,293233
4465,293278,293277
4466,293323,293322
4467,293367,293366
4468,293412,293411
4469,293457,293456
4470,293507,293506
4471,293553,293552
4472,293604,293603
4473,293658,293657
4474,293756,293755
4475,293905,293904
4476,294029,294028
4477,294122,294121
4478,295229,295228
4479,295329,295328
4480,295482,295481
4481,295555,295554
4482,295611,295610
4483,295655,295654
4484,295704,295703
4485,295757,295756
4486,295810,295809
4487,295857,295856
4488,295903,295902
4489,295947,295946
4490,295991,295990
4491,296035,296034
4492,296079,296078
4493,296124,296123
4494,296167,296166
4495,296213,296212
4496,296258,296257
4497,296304,296303
4498,296348,296347
4499,296392,296391
4500,296434,296433
4501,296477,296476
4502,296519,296518
4503,296562,296561
4504,296605,296604
4505,296648,296647
4506,296690,296689
4507,296735,296734
4508,296780,296779
4509,296826,296825
4510,296873,296872
4511,296923,296922
4512,296999,296998
4513,298556,298555
4514,298647,298646
4515,298702,298701
4516,298749,298748
4517,298796,298795
4518,298845,298844
4519,298894,298893
4520,298949,298948
4521,299001,299000
4522,299050,299049
4523,299094,299093
4524,299139,299138
4525,299181,299180
4526,299224,299223
4527,299265,299264
4528,299307,299306
4529,299350,299349
4530,299391,299390
4531,299432,299431
4532,299475,299474
4533,299517,299516
4534,299562,299561
4535,299606,299605
4536,299649,299648
4537,299694,299693
4538,299739,299738
4539,299785,299784
4540,299831,299830
4541,299877,299876
4542,299925,299924
4543,299973,299972
4544,300022,300021
4545,300070,300069
4546,300114,300113
4547,300159,300158
4548,300204,300203
4549,300251,300250
4550,300297,300296
4551,300343,300342
4552,300388,300387
4553,300434,300433
4554,300479,300478
4555,300529,300528
4556,300580,300579
4557,300629,300628
4558,300676,300675
4559,300722,300721
4560,300766,300765
4561,300811,300810
4562,300856,300855
4563,300901,300900
4564,300945,300944
4565,300991,300990
4566,301036,301035
4567,301081,301080
4568,301127,301126
4569,301173,301172
4570,301219,301218
4571,301265,301264
4572,301311,301310
4573,301360,301359
4574,301408,301407
4575,301456,301455
4576,301502,301501
4577,301550,301549
4578,301597,301596
4579,301644,301643
4580,301691,301690
4581,301736,301735
4582,301781,301780
4583,301825,301824
4584,301870,301869
4585,301915,301914
4586,301960,301959
4587,302006,302005
4588,302055,302054
4589,302117,302116
4590,302184,302183
4591,302236,302235
4592,302283,302282
4593,302330,302329
4594,302379,302378
4595,302425,302424
4596,302474,302473
4597,302536,302535
4598,302888,302887
4599,303026,303025
4600,303135,303134
4601,303340,303339
4602,303411,303410
4603,303458,303457
4604,303505,303504
4605,303549,303548
4606,303594,303593
4607,303637,303636
4608,303681,303680
4609,303726,303725
4610,303770,303769
4611,303815,303814
4612,303859,303858
4613,303903,303902
4614,303948,303947
4615,303993,303992
4616,304038,304037
4617,304083,304082
4618,304125,304124
4619,304170,304169
4620,304213,304212
4621,304257,304256
4622,304301,304300
4623,304348,304347
4624,304395,304394
4625,304443,304442
4626,304498,304497
4627,304554,304553
4628,304608,304607
4629,304662,304661
4630,304716,304715
4631,304770,304769
4632,304819,304818
4633,304865,304864
4634,304910,304909
4635,304954,304953
4636,304997,304996
4637,305039,305038
4638,305081,305080
4639,305123,305122
4640,305166,305165
4641,305209,305208
4642,305253,305252
4643,305297,305296
4644,305342,305341
4645,305386,305385
4646,305431,305430
4647,305477,305476
4648,305522,305521
4649,305568,305567
4650,305616,305615
4651,305664,305663
4652,305710,305709
4653,305754,305753
4654,305798,305797
4655,305841,305840
4656,305886,305885
4657,305929,305928
4658,305972,305971
4659,306014,306013
4660,306056,306055
4661,306098,306097
4662,306140,306139
4663,306182,306181
4664,306224,306223
4665,306267,306266
4666,306310,306309
4667,306353,306352
4668,306397,306396
4669,306440,306439
4670,306484,306483
4671,306527,306526
4672,306571,306570
4673,306614,306613
4674,306657,306656
4675,306700,306699
4676,306743,306742
4677,306786,306785
4678,306828,306827
4679,306870,306869
4680,306912,306911
4681,306954,306953
4682,306997,306996
4683,307041,307040
4684,307084,307083
4685,307128,307127
4686,307171,307170
4687,307213,307212
4688,307256,307255
4689,307298,307297
4690,307340,307339
4691,307382,307381
4692,307425,307424
4693,307468,307467
4694,307510,307509
4695,307553,307552
4696,307601,307600
4697,307657,307656
4698,307707,307706
4699,307754,307753
4700,307799,307798
4701,307843,307842
4702,307887,307886
4703,307931,307930
4704,307975,307974
4705,308019,308018
4706,308063,308062
4707,308106,308105
4708,308148,308147
4709,308191,308190
4710,308233,308232
4711,308276,308275
4712,308318,308317
4713,308361,308360
4714,308404,308403
4715,308449,308448
4716,308493,308492
4717,308537,308536
4718,308582,308581
4719,308628,308627
4720,308673,308672
4721,308718,308717
4722,308763,308762
4723,308806,308805
4724,308851,308850
4725,308895,308894
4726,308939,308938
4727,308982,308981
4728,309025,309024
4729,309068,309067
4730,309111,309110
4731,309153,309152
4732,309198,309197
4733,309244,309243
4734,309295,309294
4735,309374,309373
4736,309876,309875
4737,309976,309975
4738,310028,310027
4739,310075,310074
4740,310121,310120
4741,310165,310164
4742,310212,310211
4743,310258,310257
4744,310302,310301
4745,310343,310342
4746,310384,310383
4747,310424,310423
4748,310465,310464
4749,310507,310506
4750,310551,310550
4751,310595,310594
4752,310640,310639
4753,310684,310683
4754,310729,310728
4755,310773,310772
4756,310819,310818
4757,310867,310866
4758,310914,310913
4759,310960,310959
4760,311006,311005
4761,311051,311050
4762,311097,311096
4763,311148,311147
4764,311199,311198
4765,311250,311249
4766,311299,311298
4767,311349,311348
4768,311396,311395
4769,311443,311442
4770,311491,311490
4771,311541,311540
4772,311590,311589
4773,311639,311638
4774,311692,311691
4775,311745,311744
4776,311830,311829
4777,311916,311915
4778,312006,312005
4779,312182,312181
4780,312423,312422
4781,312502,312501
4782,312612,312611
4783,312762,312761
4784,312827,312826
4785,312886,312885
4786,312937,312936
4787,312980,312979
4788,313023,313022
4789,313066,313065
4790,313110,313109
4791,313153,313152
4792,313195,313194
4793,313238,313237
4794,313280,313279
4795,313322,313321
4796,313364,313363
4797,313409,313408
4798,313451,313450
4799,313493,313492
4800,313536,313535
4801,313579,313578
4802,313623,313622
4803,313666,313665
4804,313708,313707
4805,313751,313750
4806,313795,313794
4807,313839,313838
4808,313882,313881
4809,313925,313924
4810,313967,313966
4811,314010,314009
4812,314053,314052
4813,314096,314095
4814,314139,314138
4815,314183,314182
4816,314226,314225
4817,314270,314269
4818,314313,314312
4819,314357,314356
4820,314399,314398
4821,314443,314442
4822,314487,314486
4823,314531,314530
4824,314574,314573
4825,314618,314617
4826,314663,314662
4827,314709,314708
4828,314757,314756
4829,314812,314811
4830,314864,314863
4831,314918,314917
4832,314966,314965
4833,315017,315016
4834,315068,315067
4835,315121,315120
4836,315172,315171
4837,315221,315220
4838,315266,315265
4839,315310,315309
4840,315355,315354
4841,315401,315400
4842,315446,315445
4843,315489,315488
4844,315533,315532
4845,315577,315576
4846,315621,315620
4847,315665,315664
4848,315708,315707
4849,315752,315751
4850,315794,315793
4851,315837,315836
4852,315880,315879
4853,315924,315923
4854,315968,315967
4855,316013,316012
4856,316056,316055
4857,316098,316097
4858,316142,316141
4859,316185,316184
4860,316229,316228
4861,316272,316271
4862,316315,316314
4863,316359,316358
4864,316404,316403
4865,316447,316446
4866,316490,316489
4867,316533,316532
4868,316575,316574
4869,316619,316618
4870,316664,316663
4871,316710,316709
4872,316755,316754
4873,316799,316798
4874,316844,316843
4875,316888,316887
4876,316932,316931
4877,316977,316976
4878,317023,317022
4879,317069,317068
4880,317115,317114
4881,317159,317158
4882,317204,317203
4883,317249,317248
4884,317298,317297
4885,317346,317345
4886,317394,317393
4887,317441,317440
4888,317485,317484
4889,317532,317531
4890,317577,317576
4891,317624,317623
4892,317670,317669
4893,317720,317719
4894,317772,317771
4895,317821,317820
4896,317871,317870
4897,317918,317917
4898,317964,317963
4899,318010,318009
4900,318056,318055
4901,318104,318103
4902,318153,318152
4903,318204,318203
4904,318256,318255
4905,318308,318307
4906,318363,318362
4907,318426,318425
4908,318533,318532
4909,319025,319024
4910,319119,319118
4911,320354,320353
4912,320560,320559
4913,320682,320681
4914,320777,320776
4915,320834,320833
4916,320878,320877
4917,320920,320919
4918,320962,320961
4919,321002,321001
4920,321040,321039
4921,321080,321079
4922,321121,321120
4923,321169,321168
4924,321230,321229
4925,321332,321331
4926,321415,321414
4927,321462,321461
4928,321502,321501
4929,321541,321540
4930,321579,321578
4931,321616,321615
4932,321651,321650
4933,321684,321683
4934,321718,321717
4935,321754,321753
4936,321793,321792
4937,321844,321843
4938,321936,321935
4939,322007,322006
4940,322053,322052
4941,322094,322093
4942,322134,322133
4943,322173,322172
4944,322212,322211
4945,322251,322250
4946,322288,322287
4947,322326,322325
4948,322364,322363
4949,322408,322407
4950,322473,322472
4951,322544,322543
4952,322594,322593
4953,322640,322639
4954,322679,322678
4955,322718,322717
4956,322757,322756
4957,322795,322794
4958,322832,322831
4959,322869,322868
4960,322907,322906
4961,322948,322947
4962,323004,323003
4963,323085,323084
4964,323193,323192
4965,323341,323340
4966,323454,323453
4967,323563,323562
4968,323677,323676
4969,323765,323764
4970,323841,323840
4971,323895,323894
4972,323941,323940
4973,323985,323984
4974,324029,324028
4975,324070,324069
4976,324118,324117
4977,324170,324169
4978,324251,324250
4979,324348,324347
4980,324422,324421
4981,324491,324490
4982,324586,324585
4983,324725,324724
4984,324862,324861
4985,324982,324981
4986,325081,325080
4987,325191,325190
4988,325335,325334
4989,325439,325438
4990,325503,325502
4991,325567,325566
4992,325634,325633
4993,325703,325702
4994,325810,325809
4995,325896,325895
4996,326012,326011
4997,326121,326120
4998,326241,326240
4999,326368,326367
5000,326431,326430
5001,326493,326492
5002,326572,326571
5003,326675,326674
5004,326756,326755
5005,326856,326855
5006,326987,326986
5007,327088,327087
5008,327204,327203
5009,327565,327564
5010,327686,327685
5011,328232,328231
5012,328508,328507
5013,328567,328566
5014,328616,328615
5015,328670,328669
5016,328728,328727
5017,328796,328795
5018,328882,328881
5019,328949,328948
5020,329019,329018
5021,329093,329092
5022,329158,329157
5023,329223,329222
5024,329294,329293
5025,329366,329365
5026,329435,329434
5027,329498,329497
5028,329555,329554
5029,329616,329615
5030,329680,329679
5031,329742,329741
5032,329825,329824
5033,329915,329914
5034,329989,329988
5035,330073,330072
5036,330156,330155
5037,330224,330223
5038,330292,330291
5039,330382,330381
5040,330497,330496
5041,330612,330611
5042,330722,330721
5043,330865,330864
5044,331044,331043
5045,331183,331182
5046,331259,331258
5047,331347,331346
5048,331435,331434
5049,331494,331493
5050,331549,331548
5051,331600,331599
5052,331658,331657
5053,331716,331715
5054,331794,331793
5055,331914,331913
5056,332020,332019
5057,332127,332126
5058,332228,332227
5059,332290,332289
5060,332340,332339
5061,332388,332387
5062,332430,332429
5063,332474,332473
5064,332519,332518
5065,332564,332563
5066,332610,332609
5067,332666,332665
5068,332723,332722
5069,332783,332782
5070,332837,332836
5071,332888,332887
5072,332933,332932
5073,332984,332983
5074,333035,333034
5075,333077,333076
5076,333121,333120
5077,333162,333161
5078,333205,333204
5079,333249,333248
5080,333293,333292
5081,333336,333335
5082,333379,333378
5083,333423,333422
5084,333467,333466
5085,333510,333509
5086,333553,333552
5087,333597,333596
5088,333640,333639
5089,333683,333682
5090,333726,333725
5091,333768,333767
5092,333810,333809
5093,333851,333850
5094,333894,333893
5095,333938,333937
5096,333981,333980
5097,334024,334023
5098,334067,334066
5099,334110,334109
5100,334153,334152
5101,334195,334194
5102,334239,334238
5103,334282,334281
5104,334326,334325
5105,334369,334368
5106,334411,334410
5107,334453,334452
5108,334497,334496
5109,334541,334540
5110,334584,334583
5111,334627,334626
5112,334670,334669
5113,334712,334711
5114,334754,334753
5115,334797,334796
5116,334842,334841
5117,334885,334884
5118,334928,334927
5119,334971,334970
5120,335014,335013
5121,335057,335056
5122,335101,335100
5123,335144,335143
5124,335187,335186
5125,335230,335229
5126,335273,335272
5127,335317,335316
5128,335361,335360
5129,335405,335404
5130,335448,335447
5131,335492,335491
5132,335534,335533
5133,335577,335576
5134,335620,335619
5135,335664,335663
5136,335708,335707
5137,335750,335749
5138,335792,335791
5139,335836,335835
5140,335878,335877
5141,335922,335921
5142,335965,335964
5143,336008,336007
5144,336051,336050
5145,336093,336092
5146,336134,336133
5147,336177,336176
5148,336221,336220
5149,336264,336263
5150,336307,336306
5151,336348,336347
5152,336392,336391
5153,336439,336438
5154,336485,336484
5155,336528,336527
5156,336573,336572
5157,336617,336616
5158,336661,336660
5159,336705,336704
5160,336750,336749
5161,336795,336794
5162,336840,336839
5163,336884,336883
5164,336927,336926
5165,336970,336969
5166,337015,337014
5167,337058,337057
5168,337103,337102
5169,337148,337147
5170,337194,337193
5171,337241,337240
5172,337288,337287
5173,337333,337332
5174,337379,337378
5175,337425,337424
5176,337475,337474
5177,337524,337523
5178,337570,337569
5179,337615,337614
5180,337672,337671
5181,337745,337744
5182,338036,338035
5183,339437,339436
5184,339544,339543
5185,339609,339608
5186,339659,339658
5187,339709,339708
5188,339760,339759
5189,339810,339809
5190,339859,339858
5191,339909,339908
5192,339959,339958
5193,340010,340009
5194,340072,340071
5195,340133,340132
5196,340181,340180
5197,340228,340227
5198,340278,340277
5199,340327,340326
5200,340384,340383
5201,340441,340440
5202,340494,340493
5203,340547,340546
5204,340597,340596
5205,340648,340647
5206,340698,340697
5207,340747,340746
5208,340794,340793
5209,340842,340841
5210,340888,340887
5211,340942,340941
5212,340993,340992
5213,341043,341042
5214,341089,341088
5215,341137,341136
5216,341184,341183
5217,341231,341230
5218,341277,341276
5219,341324,341323
5220,341373,341372
5221,341422,341421
5222,341473,341472
5223,341555,341554
5224,342055,342054
5225,342129,342128
5226,342188,342187
5227,342255,342254
5228,342317,342316
5229,342367,342366
5230,342413,342412
5231,342459,342458
5232,342504,342503
5233,342550,342549
5234,342595,342594
5235,342640,342639
5236,342685,342684
5237,342731,342730
5238,342774,342773
5239,342818,342817
5240,342863,342862
5241,342909,342908
5242,342955,342954
5243,343001,343000
5244,343046,343045
5245,343090,343089
5246,343133,343132
5247,343177,343176
5248,343221,343220
5249,343266,343265
5250,343310,343309
5251,343354,343353
5252,343397,343396
5253,343441,343440
5254,343485,343484
5255,343530,343529
5256,343574,343573
5257,343617,343616
5258,343660,343659
5259,343704,343703
5260,343749,343748
5261,343794,343793
5262,343839,343838
5263,343883,343882
5264,343928,343927
5265,343973,343972
5266,344018,344017
5267,344062,344061
5268,344105,344104
5269,344151,344150
5270,344199,344198
5271,344246,344245
5272,344292,344291
5273,344338,344337
5274,344384,344383
5275,344431,344430
5276,344476,344475
5277,344525,344524
5278,344573,344572
5279,344623,344622
5280,344670,344669
5281,344717,344716
5282,344759,344758
5283,344801,344800
5284,344845,344844
5285,344888,344887
5286,344935,344934
5287,344979,344978
5288,345025,345024
5289,345073,345072
5290,345122,345121
5291,345173,345172
5292,345220,345219
5293,345268,345267
5294,345314,345313
5295,345358,345357
5296,345403,345402
5297,345450,345449
5298,345503,345502
5299,345563,345562
5300,345637,345636
5301,345754,345753
5302,345857,345856
5303,345900,345899
5304,345934,345933
5305,345967,345966
5306,346006,346005
5307,346045,346044
5308,346091,346090
5309,346140,346139
5310,346190,346189
5311,346240,346239
5312,346287,346286
5313,346334,346333
5314,346379,346378
5315,346426,346425
5316,346474,346473
5317,346521,346520
5318,346565,346564
5319,346610,346609
5320,346655,346654
5321,346702,346701
5322,346748,346747
5323,346794,346793
5324,346839,346838
5325,346885,346884
5326,346930,346929
5327,346975,346974
5328,347019,347018
5329,347064,347063
5330,347109,347108
5331,347157,347156
5332,347204,347203
5333,347251,347250
5334,347299,347298
5335,347348,347347
5336,347397,347396
5337,347448,347447
5338,347503,347502
5339,347560,347559
5340,347616,347615
5341,347681,347680
5342,347738,347737
5343,347791,347790
5344,347839,347838
5345,347888,347887
5346,347940,347939
5347,347994,347993
5348,348056,348055
5349,348112,348111
5350,348161,348160
5351,348210,348209
5352,348256,348255
5353,348302,348301
5354,348347,348346
5355,348393,348392
5356,348439,348438
5357,348485,348484
5358,348531,348530
5359,348575,348574
5360,348620,348619
5361,348665,348664
5362,348709,348708
5363,348753,348752
5364,348797,348796
5365,348841,348840
5366,348886,348885
5367,348932,348931
5368,348976,348975
5369,349021,349020
5370,349065,349064
5371,349112,349111
5372,349158,349157
5373,349203,349202
5374,349248,349247
5375,349293,349292
5376,349337,349336
5377,349383,349382
5378,349426,349425
5379,349471,349470
5380,349514,349513
5381,349558,349557
5382,349600,349599
5383,349644,349643
5384,349686,349685
5385,349730,349729
5386,349773,349772
5387,349817,349816
5388,349861,349860
5389,349906,349905
5390,349950,349949
5391,349995,349994
5392,350040,350039
5393,350085,350084
5394,350129,350128
5395,350175,350174
5396,350219,350218
5397,350264,350263
5398,350308,350307
5399,350353,350352
5400,350397,350396
5401,350442,350441
5402,350486,350485
5403,350532,350531
5404,350577,350576
5405,350623,350622
5406,350668,350667
5407,350714,350713
5408,350761,350760
5409,350809,350808
5410,350855,350854
5411,350903,350902
5412,350958,350957
5413,351054,351053
5414,351286,351285
5415,351339,351338
5416,351386,351385
5417,351431,351430
5418,351476,351475
5419,351521,351520
5420,351566,351565
5421,351611,351610
5422,351656,351655
5423,351700,351699
5424,351745,351744
5425,351790,351789
5426,351834,351833
5427,351879,351878
5428,351923,351922
5429,351967,351966
5430,352011,352010
5431,352056,352055
5432,352100,352099
5433,352146,352145
5434,352190,352189
5435,352235,352234
5436,352279,352278
5437,352323,352322
5438,352368,352367
5439,352413,352412
5440,352457,352456
5441,352501,352500
5442,352545,352544
5443,352589,352588
5444,352633,352632
5445,352678,352677
5446,352722,352721
5447,352766,352765
5448,352810,352809
5449,352855,352854
5450,352900,352899
5451,352945,352944
5452,352989,352988
5453,353036,353035
5454,353081,353080
5455,353127,353126
5456,353172,353171
5457,353217,353216
5458,353263,353262
5459,353308,353307
5460,353352,353351
5461,353398,353397
5462,353444,353443
5463,353490,353489
5464,353537,353536
5465,353586,353585
5466,353635,353634
5467,353682,353681
5468,353731,353730
5469,353782,353781
5470,353830,353829
5471,353876,353875
5472,353922,353921
5473,353966,353965
5474,354011,354010
5475,354057,354056
5476,354104,354103
5477,354152,354151
5478,354201,354200
5479,354254,354253
5480,354306,354305
5481,354359,354358
5482,354412,354411
5483,354505,354504
5484,355423,355422
5485,355507,355506
5486,355558,355557
5487,355607,355606
5488,355653,355652
5489,355701,355700
5490,355747,355746
5491,355793,355792
5492,355840,355839
5493,355887,355886
5494,355936,355935
5495,355982,355981
5496,356027,356026
5497,356071,356070
5498,356115,356114
5499,356159,356158
5500,356204,356203
5501,356248,356247
5502,356293,356292
5503,356338,356337
5504,356382,356381
5505,356427,356426
5506,356476,356475
5507,356526,356525
5508,356575,356574
5509,356623,356622
5510,356670,356669
5511,356714,356713
5512,356757,356756
5513,356799,356798
5514,356844,356843
5515,356887,356886
5516,356932,356931
5517,356976,356975
5518,357020,357019
5519,357063,357062
5520,357109,357108
5521,357153,357152
5522,357198,357197
5523,357243,357242
5524,357289,357288
5525,357334,357333
5526,357381,357380
5527,357427,357426
5528,357473,357472
5529,357518,357517
5530,357565,357564
5531,357610,357609
5532,357656,357655
5533,357700,357699
5534,357746,357745
5535,357791,357790
5536,357837,357836
5537,357883,357882
5538,357929,357928
5539,357974,357973
5540,358021,358020
5541,358066,358065
5542,358114,358113
5543,358163,358162
5544,358212,358211
5545,358260,358259
5546,358310,358309
5547,358367,358366
5548,358428,358427
5549,358481,358480
5550,358529,358528
5551,358577,358576
5552,358626,358625
5553,358672,358671
5554,358719,358718
5555,358765,358764
5556,358813,358812
5557,358859,358858
5558,358905,358904
5559,358950,358949
5560,359001,359000
5561,359052,359051
5562,359101,359100
5563,359147,359146
5564,359192,359191
5565,359237,359236
5566,359282,359281
5567,359328,359327
5568,359374,359373
5569,359418,359417
5570,359463,359462
5571,359507,359506
5572,359553,359552
5573,359597,359596
5574,359640,359639
5575,359683,359682
5576,359729,359728
5577,359775,359774
5578,359821,359820
5579,359864,359863
5580,359908,359907
5581,359952,359951
5582,359996,359995
5583,360039,360038
5584,360084,360083
5585,360127,360126
5586,360171,360170
5587,360214,360213
5588,360258,360257
5589,360302,360301
5590,360347,360346
5591,360391,360390
5592,360437,360436
5593,360482,360481
5594,360526,360525
5595,360569,360568
5596,360613,360612
5597,360657,360656
5598,360701,360700
5599,360746,360745
5600,360790,360789
5601,360836,360835
5602,360880,360879
5603,360926,360925
5604,360972,360971
5605,361019,361018
5606,361065,361064
5607,361112,361111
5608,361157,361156
5609,361208,361207
5610,361269,361268
5611,362038,362037
5612,362086,362085
5613,362129,362128
5614,362210,362209
5615,363068,363067
5616,365919,365918
5617,367208,367207
5618,367264,367263
5619,367310,367309
5620,367357,367356
5621,367402,367401
5622,367447,367446
5623,367491,367490
5624,367535,367534
5625,367579,367578
5626,367622,367621
5627,367665,367664
5628,367708,367707
5629,367750,367749
5630,367792,367791
5631,367834,367833
5632,367877,367876
5633,367919,367918
5634,367961,367960
5635,368003,368002
5636,368046,368045
5637,368089,368088
5638,368132,368131
5639,368174,368173
5640,368216,368215
5641,368258,368257
5642,368301,368300
5643,368341,368340
5644,368382,368381
5645,368423,368422
5646,368464,368463
5647,368505,368504
5648,368546,368545
5649,368588,368587
5650,368630,368629
5651,368673,368672
5652,368717,368716
5653,368760,368759
5654,368804,368803
5655,368846,368845
5656,368890,368889
5657,368932,368931
5658,368975,368974
5659,369016,369015
5660,369058,369057
5661,369099,369098
5662,369142,369141
5663,369184,369183
5664,369227,369226
5665,369271,369270
5666,369318,369317
5667,369364,369363
5668,369406,369405
5669,369448,369447
5670,369490,369489
5671,369531,369530
5672,369574,369573
5673,369614,369613
5674,369656,369655
5675,369698,369697
5676,369741,369740
5677,369783,369782
5678,369827,369826
5679,369870,369869
5680,369913,369912
5681,369956,369955
5682,370000,369999
5683,370043,370042
5684,370088,370087
5685,370130,370129
5686,370174,370173
5687,370216,370215
5688,370259,370258
5689,370302,370301
5690,370344,370343
5691,370386,370385
5692,370429,370428
5693,370470,370469
5694,370513,370512
5695,370555,370554
5696,370598,370597
5697,370640,370639
5698,370683,370682
5699,370725,370724
5700,370769,370768
5701,370811,370810
5702,370855,370854
5703,370898,370897
5704,370941,370940
5705,370984,370983
5706,371026,371025
5707,371070,371069
5708,371113,371112
5709,371156,371155
5710,371197,371196
5711,371240,371239
5712,371283,371282
5713,371326,371325
5714,371367,371366
5715,371411,371410
5716,371452,371451
5717,371496,371495
5718,371538,371537
5719,371581,371580
5720,371624,371623
5721,371666,371665
5722,371708,371707
5723,371750,371749
5724,371793,371792
5725,371836,371835
5726,371878,371877
5727,371921,371920
5728,371963,371962
5729,372006,372005
5730,372049,372048
5731,372092,372091
5732,372136,372135
5733,372181,372180
5734,372229,372228
5735,372309,372308
5736,372746,372745
5737,372805,372804
5738,372852,372851
5739,372896,372895
5740,372942,372941
5741,372986,372985
5742,373030,373029
5743,373074,373073
5744,373119,373118
5745,373163,373162
5746,373209,373208
5747,373251,373250
5748,373293,373292
5749,373335,373334
5750,373378,373377
5751,373421,373420
5752,373465,373464
5753,373507,373506
5754,373550,373549
5755,373592,373591
5756,373636,373635
5757,373679,373678
5758,373722,373721
5759,373765,373764
5760,373808,373807
5761,373852,373851
5762,373897,373896
5763,373941,373940
5764,373985,373984
5765,374028,374027
5766,374072,374071
5767,374114,374113
5768,374158,374157
5769,374201,374200
5770,374245,374244
5771,374288,374287
5772,374333,374332
5773,374376,374375
5774,374421,374420
5775,374464,374463
5776,374508,374507
5777,374554,374553
5778,374600,374599
5779,374643,374642
5780,374688,374687
5781,374730,374729
5782,374773,374772
5783,374815,374814
5784,374858,374857
5785,374901,374900
5786,374945,374944
5787,374990,374989
5788,375034,375033
5789,375078,375077
5790,375123,375122
5791,375168,375167
5792,375212,375211
5793,375257,375256
5794,375301,375300
5795,375346,375345
5796,375391,375390
5797,375434,375433
5798,375478,375477
5799,375523,375522
5800,375568,375567
5801,375612,375611
5802,375656,375655
5803,375702,375701
5804,375747,375746
5805,375791,375790
5806,375834,375833
5807,375878,375877
5808,375922,375921
5809,375967,375966
5810,376012,376011
5811,376058,376057
5812,376103,376102
5813,376147,376146
5814,376191,376190
5815,376236,376235
5816,376281,376280
5817,376326,376325
5818,376369,376368
5819,376413,376412
5820,376457,376456
5821,376501,376500
5822,376546,376545
5823,376591,376590
5824,376636,376635
5825,376680,376679
5826,376724,376723
5827,376769,376768
5828,376812,376811
5829,376854,376853
5830,376896,376895
5831,376939,376938
5832,376981,376980
5833,377023,377022
5834,377064,377063
5835,377106,377105
5836,377150,377149
5837,377193,377192
5838,377236,377235
5839,377277,377276
5840,377320,377319
5841,377362,377361
5842,377404,377403
5843,377445,377444
5844,377487,377486
5845,377529,377528
5846,377571,377570
5847,377613,377612
5848,377656,377655
5849,377699,377698
5850,377741,377740
5851,377783,377782
5852,377825,377824
5853,377868,377867
5854,377912,377911
5855,377957,377956
5856,378002,378001
5857,378046,378045
5858,378090,378089
5859,378133,378132
5860,378176,378175
5861,378219,378218
5862,378263,378262
5863,378307,378306
5864,378350,378349
5865,378395,378394
5866,378443,378442
5867,378488,378487
5868,378531,378530
5869,378574,378573
5870,378616,378615
5871,378658,378657
5872,378699,378698
5873,378743,378742
5874,378786,378785
5875,378830,378829
5876,378879,378878
5877,378928,378927
5878,378976,378975
5879,379022,379021
5880,379068,379067
5881,379117,379116
5882,379165,379164
5883,379213,379212
5884,379261,379260
5885,379307,379306
5886,379354,379353
5887,379401,379400
5888,379448,379447
5889,379502,379501
5890,379560,379559
5891,379614,379613
5892,379664,379663
5893,379715,379714
5894,379764,379763
5895,379816,379815
5896,379870,379869
5897,379923,379922
5898,379979,379978
5899,380033,380032
5900,380089,380088
5901,380143,380142
5902,380194,380193
5903,380244,380243
5904,380292,380291
5905,380338,380337
5906,380382,380381
5907,380426,380425
5908,380466,380465
5909,380505,380504
5910,380543,380542
5911,380581,380580
5912,380619,380618
5913,380660,380659
5914,380701,380700
5915,380744,380743
5916,380788,380787
5917,380836,380835
5918,380885,380884
5919,380933,380932
5920,380978,380977
5921,381019,381018
5922,381061,381060
5923,381101,381100
5924,381142,381141
5925,381182,381181
5926,381221,381220
5927,381263,381262
5928,381305,381304
5929,381349,381348
5930,381394,381393
5931,381440,381439
5932,381484,381483
5933,381528,381527
5934,381572,381571
5935,381616,381615
5936,381661,381660
5937,381706,381705
5938,381750,381749
5939,381795,381794
5940,381840,381839
5941,381886,381885
5942,381934,381933
5943,381983,381982
5944,382049,382048
5945,384676,384675
5946,384918,384917
5947,384986,384985
5948,385033,385032
5949,385079,385078
5950,385125,385124
5951,385169,385168
5952,385214,385213
5953,385260,385259
5954,385304,385303
5955,385348,385347
5956,385390,385389
5957,385434,385433
5958,385477,385476
5959,385520,385519
5960,385563,385562
5961,385607,385606
5962,385650,385649
5963,385696,385695
5964,385741,385740
5965,385786,385785
5966,385831,385830
5967,385875,385874
5968,385920,385919
5969,385964,385963
5970,386008,386007
5971,386053,386052
5972,386099,386098
5973,386146,386145
5974,386195,386194
5975,386243,386242
5976,386294,386293
5977,386340,386339
5978,386386,386385
5979,386430,386429
5980,386476,386475
5981,386521,386520
5982,386566,386565
5983,386610,386609
5984,386658,386657
5985,386708,386707
5986,386756,386755
5987,386803,386802
5988,386849,386848
5989,386895,386894
5990,386941,386940
5991,386988,386987
5992,387035,387034
5993,387081,387080
5994,387127,387126
5995,387171,387170
5996,387215,387214
5997,387261,387260
5998,387307,387306
5999,387355,387354
6000,387404,387403
6001,387453,387452
6002,387502,387501
6003,387551,387550
6004,387598,387597
6005,387645,387644
6006,387691,387690
6007,387737,387736
6008,387782,387781
6009,387829,387828
6010,387875,387874
6011,387925,387924
6012,387975,387974
6013,388025,388024
6014,388072,388071
6015,388120,388119
6016,388178,388177
6017,388247,388246
6018,390425,390424
6019,390494,390493
6020,390544,390543
6021,390591,390590
6022,390636,390635
6023,390679,390678
6024,390727,390726
6025,390772,390771
6026,390823,390822
6027,390893,390892
6028,390959,390958
6029,391011,391010
6030,391067,391066
6031,391125,391124
6032,391174,391173
6033,391219,391218
6034,391261,391260
6035,391303,391302
6036,391346,391345
6037,391388,391387
6038,391430,391429
6039,391472,391471
6040,391514,391513
6041,391558,391557
6042,391601,391600
6043,391645,391644
6044,391688,391687
6045,391733,391732
6046,391777,391776
6047,391822,391821
6048,391865,391864
6049,391911,391910
6050,391959,391958
6051,392024,392023
6052,392080,392079
6053,392128,392127
6054,392173,392172
6055,392216,392215
6056,392259,392258
6057,392301,392300
6058,392344,392343
6059,392386,392385
6060,392429,392428
6061,392472,392471
6062,392514,392513
6063,392557,392556
6064,392599,392598
6065,392640,392639
6066,392681,392680
6067,392722,392721
6068,392763,392762
6069,392804,392803
6070,392846,392845
6071,392886,392885
6072,392928,392927
6073,392970,392969
6074,393012,393011
6075,393053,393052
6076,393095,393094
6077,393136,393135
6078,393177,393176
6079,393219,393218
6080,393258,393257
6081,393299,393298
6082,393340,393339
6083,393383,393382
6084,393426,393425
6085,393470,393469
6086,393515,393514
6087,393559,393558
6088,393600,393599
6089,393643,393642
6090,393689,393688
6091,393738,393737
6092,393790,393789
6093,393842,393841
6094,393898,393897
6095,393953,393952
6096,394163,394162
6097,395261,395260
6098,395678,395677
6099,395731,395730
6100,395776,395775
6101,395817,395816
6102,395860,395859
6103,395902,395901
6104,395948,395947
6105,395999,395998
6106,396051,396050
6107,396099,396098
6108,396145,396144
6109,396190,396189
6110,396234,396233
6111,396277,396276
6112,396318,396317
6113,396359,396358
6114,396400,396399
6115,396442,396441
6116,396484,396483
6117,396530,396529
6118,396576,396575
6119,396623,396622
6120,396666,396665
6121,396710,396709
6122,396754,396753
6123,396799,396798
6124,396843,396842
6125,396887,396886
6126,396929,396928
6127,396974,396973
6128,397017,397016
6129,397062,397061
6130,397105,397104
6131,397149,397148
6132,397192,397191
6133,397237,397236
6134,397280,397279
6135,397324,397323
6136,397366,397365
6137,397410,397409
6138,397454,397453
6139,397501,397500
6140,397548,397547
6141,397603,397602
6142,397710,397709
6143,397851,397850
6144,397926,397925
6145,399180,399179
6146,399263,399262
6147,399314,399313
6148,399363,399362
6149,399411,399410
6150,399458,399457
6151,399504,399503
6152,399549,399548
6153,399594,399593
6154,399639,399638
6155,399684,399683
6156,399730,399729
6157,399777,399776
6158,399824,399823
6159,399871,399870
6160,399918,399917
6161,399970,399969
6162,400026,400025
6163,400093,400092
6164,400158,400157
6165,400208,400207
6166,400258,400257
6167,400306,400305
6168,400359,400358
6169,400410,400409
6170,400459,400458
6171,400507,400506
6172,400555,400554
6173,400601,400600
6174,400649,400648
6175,400695,400694
6176,400740,400739
6177,400785,400784
6178,400828,400827
6179,400871,400870
6180,400914,400913
6181,400958,400957
6182,401000,400999
6183,401044,401043
6184,401086,401085
6185,401129,401128
6186,401171,401170
6187,401215,401214
6188,401257,401256
6189,401301,401300
6190,401345,401344
6191,401388,401387
6192,401433,401432
6193,401477,401476
6194,401521,401520
6195,401565,401564
6196,401617,401616
6197,401667,401666
6198,401713,401712
6199,401754,401753
6200,401804,401803
6201,401855,401854
6202,401907,401906
6203,401954,401953
6204,402003,402002
6205,402047,402046
6206,402093,402092
6207,402136,402135
6208,402181,402180
6209,402223,402222
6210,402265,402264
6211,402308,402307
6212,402349,402348
6213,402391,402390
6214,402434,402433
6215,402476,402475
6216,402519,402518
6217,402563,402562
6218,402607,402606
6219,402649,402648
6220,402692,402691
6221,402734,402733
6222,402777,402776
6223,402819,402818
6224,402862,402861
6225,402906,402905
6226,402949,402948
6227,402991,402990
6228,403033,403032
6229,403076,403075
6230,403120,403119
6231,403163,403162
6232,403207,403206
6233,403250,403249
6234,403295,403294
6235,403340,403339
6236,403389,403388
6237,403439,403438
6238,403498,403497
6239,403588,403587
6240,403660,403659
6241,403710,403709
6242,403754,403753
6243,403799,403798
6244,403842,403841
6245,403886,403885
6246,403928,403927
6247,403972,403971
6248,404014,404013
6249,404057,404056
6250,404099,404098
6251,404142,404141
6252,404184,404183
6253,404227,404226
6254,404268,404267
6255,404311,404310
6256,404353,404352
6257,404396,404395
6258,404438,404437
6259,404482,404481
6260,404523,404522
6261,404566,404565
6262,404609,404608
6263,404653,404652
6264,404697,404696
6265,404741,404740
6266,404783,404782
6267,404826,404825
6268,404869,404868
6269,404912,404911
6270,404955,404954
6271,405000,404999
6272,405045,405044
6273,405090,405089
6274,405136,405135
6275,405181,405180
6276,405225,405224
6277,405269,405268
6278,405315,405314
6279,405361,405360
6280,405410,405409
6281,405458,405457
6282,405502,405501
6283,405543,405542
6284,405583,405582
6285,405625,405624
6286,405667,405666
6287,405710,405709
6288,405754,405753
6289,405796,405795
6290,405839,405838
6291,405883,405882
6292,405928,405927
6293,405976,405975
6294,406028,406027
6295,406075,406074
6296,406118,406117
6297,406159,406158
6298,406200,406199
6299,406242,406241
6300,406286,406285
6301,406328,406327
6302,406370,406369
6303,406414,406413
6304,406457,406456
6305,406503,406502
6306,406550,406549
6307,406600,406599
6308,406669,406668
6309,407808,407807
6310,407856,407855
6311,407903,407902
6312,407947,407946
6313,407991,407990
6314,408034,408033
6315,408077,408076
6316,408119,408118
6317,408162,408161
6318,408204,408203
6319,408247,408246
6320,408290,408289
6321,408334,408333
6322,408377,408376
6323,408420,408419
6324,408462,408461
6325,408505,408504
6326,408547,408546
6327,408589,408588
6328,408631,408630
6329,408674,408673
6330,408716,408715
6331,408760,408759
6332,408802,408801
6333,408845,408844
6334,408887,408886
6335,408931,408930
6336,408973,408972
6337,409016,409015
6338,409059,409058
6339,409102,409101
6340,409145,409144
6341,409188,409187
6342,409236,409235
6343,409289,409288
6344,409344,409343
6345,409431,409430
6346,409513,409512
6347,409569,409568
6348,409617,409616
6349,409664,409663
6350,409710,409709
6351,409754,409753
6352,409797,409796
6353,409840,409839
6354,409882,409881
6355,409928,409927
6356,409974,409973
6357,410020,410019
6358,410064,410063
6359,410108,410107
6360,410152,410151
6361,410196,410195
6362,410241,410240
6363,410285,410284
6364,410330,410329
6365,410373,410372
6366,410416,410415
6367,410459,410458
6368,410502,410501
6369,410545,410544
6370,410588,410587
6371,410631,410630
6372,410676,410675
6373,410721,410720
6374,410769,410768
6375,410815,410814
6376,410862,410861
6377,410909,410908
6378,410957,410956
6379,411007,411006
6380,411060,411059
6381,411121,411120
6382,412522,412521
6383,412624,412623
6384,412867,412866
6385,412926,412925
6386,412985,412984
6387,413041,413040
6388,413098,413097
6389,413152,413151
6390,413203,413202
6391,413252,413251
6392,413300,413299
6393,413349,413348
6394,413399,413398
6395,413448,413447
6396,413495,413494
6397,413541,413540
6398,413587,413586
6399,413630,413629
6400,413674,413673
6401,413718,413717
6402,413765,413764
6403,413812,413811
6404,413859,413858
6405,413909,413908
6406,413961,413960
6407,414012,414011
6408,414063,414062
6409,414112,414111
6410,414159,414158
6411,414205,414204
6412,414248,414247
6413,414290,414289
6414,414335,414334
6415,414380,414379
6416,414425,414424
6417,414472,414471
6418,414519,414518
6419,414568,414567
6420,414620,414619
6421,414674,414673
6422,414725,414724
6423,414794,414793
6424,415144,415143
6425,415619,415618
6426,415687,415686
6427,415727,415726
6428,415762,415761
6429,415798,415797
6430,415834,415833
6431,415872,415871
6432,415920,415919
6433,415989,415988
6434,416077,416076
6435,416652,416651
6436,416800,416799
6437,416867,416866
6438,417053,417052
6439,417114,417113
6440,417164,417163
6441,417212,417211
6442,417256,417255
6443,417300,417299
6444,417345,417344
6445,417389,417388
6446,417433,417432
6447,417478,417477
6448,417523,417522
6449,417568,417567
6450,417615,417614
6451,417662,417661
6452,417707,417706
6453,417754,417753
6454,417801,417800
6455,417846,417845
6456,417892,417891
6457,417939,417938
6458,417986,417985
6459,418033,418032
6460,418083,418082
6461,418148,418147
6462,418209,418208
6463,418262,418261
6464,418310,418309
6465,418355,418354
6466,418399,418398
6467,418441,418440
6468,418484,418483
6469,418526,418525
6470,418571,418570
6471,418614,418613
6472,418657,418656
6473,418700,418699
6474,418745,418744
6475,418789,418788
6476,418833,418832
6477,418877,418876
6478,418920,418919
6479,418965,418964
6480,419008,419007
6481,419054,419053
6482,419100,419099
6483,419144,419143
6484,419190,419189
6485,419240,419239
6486,419290,419289
6487,419340,419339
6488,419386,419385
6489,419430,419429
6490,419475,419474
6491,419520,419519
6492,419566,419565
6493,419610,419609
6494,419653,419652
6495,419697,419696
6496,419741,419740
6497,419787,419786
6498,419832,419831
6499,419878,419877
6500,419925,419924
6501,419971,419970
6502,420020,420019
6503,420066,420065
6504,420109,420108
6505,420153,420152
6506,420198,420197
6507,420242,420241
6508,420288,420287
6509,420332,420331
6510,420378,420377
6511,420423,420422
6512,420470,420469
6513,420515,420514
6514,420561,420560
6515,420608,420607
6516,420656,420655
6517,420704,420703
6518,420757,420756
6519,420828,420827
6520,421817,421816
6521,422035,422034
6522,422092,422091
6523,422140,422139
6524,422186,422185
6525,422229,422228
6526,422272,422271
6527,422314,422313
6528,422358,422357
6529,422403,422402
6530,422447,422446
6531,422491,422490
6532,422535,422534
6533,422578,422577
6534,422622,422621
6535,422665,422664
6536,422709,422708
6537,422752,422751
6538,422796,422795
6539,422840,422839
6540,422887,422886
6541,422933,422932
6542,422979,422978
6543,423024,423023
6544,423069,423068
6545,423115,423114
6546,423160,423159
6547,423208,423207
6548,423255,423254
6549,423301,423300
6550,423349,423348
6551,423395,423394
6552,423442,423441
6553,423491,423490
6554,423538,423537
6555,423589,423588
6556,423640,423639
6557,423691,423690
6558,423742,423741
6559,423793,423792
6560,423847,423846
6561,423908,423907
6562,424621,424620
6563,424730,424729
6564,424779,424778
6565,424820,424819
6566,424864,424863
6567,424909,424908
6568,424954,424953
6569,425002,425001
6570,425049,425048
6571,425098,425097
6572,425147,425146
6573,425197,425196
6574,425245,425244
6575,425292,425291
6576,425337,425336
6577,425385,425384
6578,425434,425433
6579,425482,425481
6580,425530,425529
6581,425579,425578
6582,425628,425627
6583,425675,425674
6584,425725,425724
6585,425779,425778
6586,425840,425839
6587,425899,425898
6588,425964,425963
6589,426261,426260
6590,427149,427148
6591,427207,427206
6592,427255,427254
6593,427303,427302
6594,427349,427348
6595,427392,427391
6596,427433,427432
6597,427471,427470
6598,427505,427504
6599,427539,427538
6600,427575,427574
6601,427612,427611
6602,427649,427648
6603,427687,427686
6604,427728,427727
6605,427772,427771
6606,427829,427828
6607,427899,427898
6608,427980,427979
6609,428037,428036
6610,428081,428080
6611,428131,428130
6612,428824,428823
6613,429593,429592
6614,429656,429655
6615,429711,429710
6616,429758,429757
6617,429805,429804
6618,429848,429847
6619,429891,429890
6620,429933,429932
6621,429980,429979
6622,430027,430026
6623,430074,430073
6624,430116,430115
6625,430161,430160
6626,430209,430208
6627,430259,430258
6628,430306,430305
6629,430355,430354
6630,430402,430401
6631,430446,430445
6632,430487,430486
6633,430524,430523
6634,430560,430559
6635,430600,430599
6636,430647,430646
6637,430689,430688
6638,430727,430726
6639,430763,430762
6640,430803,430802
6641,430848,430847
6642,430896,430895
6643,430945,430944
6644,430995,430994
6645,431043,431042
6646,431089,431088
6647,431137,431136
6648,431184,431183
6649,431230,431229
6650,431277,431276
6651,431323,431322
6652,431371,431370
6653,431423,431422
6654,431476,431475
6655,431529,431528
6656,431580,431579
6657,431637,431636
6658,432039,432038
6659,433169,433168
6660,433254,433253
6661,433314,433313
6662,433422,433421
6663,433871,433870
6664,433899,433898
6665,436230,436229
6666,436742,436741
6667,436808,436807
6668,436855,436854
6669,436902,436901
6670,436949,436948
6671,436994,436993
6672,437041,437040
6673,437086,437085
6674,437130,437129
6675,437176,437175
6676,437222,437221
6677,437269,437268
6678,437315,437314
6679,437362,437361
6680,437415,437414
6681,437475,437474
6682,437540,437539
6683,437628,437627
6684,439038,439037
6685,440258,440257
6686,440368,440367
6687,440424,440423
6688,440478,440477
6689,440527,440526
6690,440578,440577
6691,440628,440627
6692,440681,440680
6693,440732,440731
6694,440787,440786
6695,440841,440840
6696,440895,440894
6697,440943,440942
6698,440990,440989
6699,441037,441036
6700,441086,441085
6701,441135,441134
6702,441185,441184
6703,441235,441234
6704,441286,441285
6705,441338,441337
6706,441390,441389
6707,441440,441439
6708,441489,441488
6709,441537,441536
6710,441585,441584
6711,441630,441629
6712,441675,441674
6713,441719,441718
6714,441766,441765
6715,441816,441815
6716,441869,441868
6717,441917,441916
6718,441960,441959
6719,442009,442008
6720,442071,442070
6721,442135,442134
6722,442192,442191
6723,442247,442246
6724,442302,442301
6725,442356,442355
6726,442408,442407
6727,442456,442455
6728,442506,442505
6729,442555,442554
6730,442604,442603
6731,442654,442653
6732,442702,442701
6733,442750,442749
6734,442799,442798
6735,442850,442849
6736,442906,442905
6737,442960,442959
6738,443011,443010
6739,443063,443062
6740,443119,443118
6741,443171,443170
6742,443219,443218
6743,443265,443264
6744,443312,443311
6745,443361,443360
6746,443411,443410
6747,443459,443458
6748,443507,443506
6749,443554,443553
6750,443603,443602
6751,443653,443652
6752,443702,443701
6753,443755,443754
6754,443805,443804
6755,443861,443860
6756,443917,443916
6757,443970,443969
6758,444018,444017
6759,444068,444067
6760,444120,444119
6761,444169,444168
6762,444216,444215
6763,444262,444261
6764,444312,444311
6765,444361,444360
6766,444410,444409
6767,444459,444458
6768,444508,444507
6769,444558,444557
6770,444608,444607
6771,444660,444659
6772,444734,444733
6773,444820,444819
6774,444878,444877
6775,444930,444929
6776,444978,444977
6777,445023,445022
6778,445066,445065
6779,445110,445109
6780,445157,445156
6781,445204,445203
6782,445251,445250
6783,445298,445297
6784,445344,445343
6785,445392,445391
6786,445443,445442
6787,445496,445495
6788,445545,445544
6789,445588,445587
6790,445641,445640
6791,445717,445716
6792,446505,446504
6793,446907,446906
6794,447014,447013
6795,447437,447436
6796,447919,447918
6797,448237,448236
6798,449226,449225
6799,449390,449389
6800,449457,449456
6801,449510,449509
6802,449560,449559
6803,449609,449608
6804,449657,449656
6805,449705,449704
6806,449753,449752
6807,449800,449799
6808,449848,449847
6809,449895,449894
6810,449943,449942
6811,449991,449990
6812,450037,450036
6813,450090,450089
6814,450146,450145
6815,450207,450206
6816,450268,450267
6817,450331,450330
6818,450386,450385
6819,450441,450440
6820,450490,450489
6821,450537,450536
6822,450584,450583
6823,450633,450632
6824,450683,450682
6825,450734,450733
6826,450789,450788
6827,450851,450850
6828,450904,450903
6829,450953,450952
6830,450997,450996
6831,451041,451040
6832,451085,451084
6833,451130,451129
6834,451175,451174
6835,451221,451220
6836,451267,451266
6837,451314,451313
6838,451357,451356
6839,451402,451401
6840,451448,451447
6841,451496,451495
6842,451543,451542
6843,451591,451590
6844,451640,451639
6845,451686,451685
6846,451732,451731
6847,451776,451775
6848,451822,451821
6849,451871,451870
6850,451923,451922
6851,451975,451974
6852,452025,452024
6853,452076,452075
6854,452125,452124
6855,452174,452173
6856,452223,452222
6857,452275,452274
6858,452325,452324
6859,452372,452371
6860,452419,452418
6861,452467,452466
6862,452518,452517
6863,452569,452568
6864,452620,452619
6865,452670,452669
6866,452721,452720
6867,452771,452770
6868,452825,452824
6869,452877,452876
6870,452931,452930
6871,452980,452979
6872,453026,453025
6873,453070,453069
6874,453112,453111
6875,453156,453155
6876,453203,453202
6877,453253,453252
6878,453304,453303
6879,453355,453354
6880,453402,453401
6881,453448,453447
6882,453492,453491
6883,453536,453535
6884,453581,453580
6885,453635,453634
6886,453691,453690
6887,453758,453757
6888,453817,453816
6889,453871,453870
6890,453918,453917
6891,453964,453963
6892,454010,454009
6893,454058,454057
6894,454105,454104
6895,454153,454152
6896,454203,454202
6897,454253,454252
6898,454307,454306
6899,454357,454356
6900,454407,454406
6901,454453,454452
6902,454502,454501
6903,454551,454550
6904,454599,454598
6905,454646,454645
6906,454696,454695
6907,454746,454745
6908,454795,454794
6909,454844,454843
6910,454893,454892
6911,454945,454944
6912,454995,454994
6913,455044,455043
6914,455090,455089
6915,455135,455134
6916,455179,455178
6917,455224,455223
6918,455268,455267
6919,455314,455313
6920,455361,455360
6921,455407,455406
6922,455453,455452
6923,455499,455498
6924,455546,455545
6925,455597,455596
6926,455661,455660
6927,456080,456079
6928,456440,456439
6929,456509,456508
6930,456558,456557
6931,456608,456607
6932,456656,456655
6933,456705,456704
6934,456754,456753
6935,456803,456802
6936,456849,456848
6937,456897,456896
6938,456947,456946
6939,456998,456997
6940,457048,457047
6941,457097,457096
6942,457147,457146
6943,457194,457193
6944,457239,457238
6945,457284,457283
6946,457333,457332
6947,457382,457381
6948,457430,457429
6949,457475,457474
6950,457524,457523
6951,457576,457575
6952,457626,457625
6953,457675,457674
6954,457719,457718
6955,457763,457762
6956,457805,457804
6957,457846,457845
6958,457889,457888
6959,457934,457933
6960,457981,457980
6961,458030,458029
6962,458077,458076
6963,458123,458122
6964,458167,458166
6965,458212,458211
6966,458255,458254
6967,458300,458299
6968,458343,458342
6969,458385,458384
6970,458428,458427
6971,458471,458470
6972,458516,458515
6973,458560,458559
6974,458604,458603
6975,458645,458644
6976,458686,458685
6977,458730,458729
6978,458775,458774
6979,458824,458823
6980,458869,458868
6981,458913,458912
6982,458958,458957
6983,459003,459002
6984,459048,459047
6985,459092,459091
6986,459136,459135
6987,459182,459181
6988,459229,459228
6989,459276,459275
6990,459326,459325
6991,459380,459379
6992,459434,459433
6993,459482,459481
6994,459528,459527
6995,459573,459572
6996,459617,459616
6997,459661,459660
6998,459706,459705
6999,459754,459753
7000,459802,459801
7001,459849,459848
7002,459896,459895
7003,459943,459942
7004,459991,459990
7005,460037,460036
7006,460083,460082
7007,460128,460127
7008,460173,460172
7009,460220,460219
7010,460267,460266
7011,460314,460313
7012,460362,460361
7013,460408,460407
7014,460453,460452
7015,460498,460497
7016,460543,460542
7017,460590,460589
7018,460633,460632
7019,460681,460680
7020,460727,460726
7021,460772,460771
7022,460814,460813
7023,460857,460856
7024,460900,460899
7025,460946,460945
7026,460993,460992
7027,461040,461039
7028,461086,461085
7029,461131,461130
7030,461177,461176
7031,461223,461222
7032,461273,461272
7033,461320,461319
7034,461369,461368
7035,461416,461415
7036,461465,461464
7037,461511,461510
7038,461554,461553
7039,461597,461596
7040,461641,461640
7041,461686,461685
7042,461730,461729
7043,461774,461773
7044,461819,461818
7045,461865,461864
7046,461910,461909
7047,461956,461955
7048,462001,462000
7049,462047,462046
7050,462093,462092
7051,462139,462138
7052,462185,462184
7053,462232,462231
7054,462279,462278
7055,462327,462326
7056,462371,462370
7057,462415,462414
7058,462461,462460
7059,462508,462507
7060,462554,462553
7061,462599,462598
7062,462642,462641
7063,462686,462685
7064,462731,462730
7065,462777,462776
7066,462825,462824
7067,462876,462875
7068,462924,462923
7069,462970,462969
7070,463015,463014
7071,463063,463062
7072,463108,463107
7073,463152,463151
7074,463197,463196
7075,463245,463244
7076,463294,463293
7077,463342,463341
7078,463392,463391
7079,463443,463442
7080,463493,463492
7081,463544,463543
7082,463593,463592
7083,463642,463641
7084,463693,463692
7085,463742,463741
7086,463790,463789
7087,463838,463837
7088,463883,463882
7089,463931,463930
7090,463979,463978
7091,464024,464023
7092,464070,464069
7093,464117,464116
7094,464164,464163
7095,464209,464208
7096,464266,464265
7097,464326,464325
7098,464384,464383
7099,464439,464438
7100,464493,464492
7101,464542,464541
7102,464587,464586
7103,464633,464632
7104,464681,464680
7105,464731,464730
7106,464778,464777
7107,464825,464824
7108,464871,464870
7109,464917,464916
7110,464964,464963
7111,465011,465010
7112,465059,465058
7113,465107,465106
7114,465153,465152
7115,465198,465197
7116,465249,465248
7117,465303,465302
7118,465355,465354
7119,465406,465405
7120,465455,465454
7121,465504,465503
7122,465554,465553
7123,465605,465604
7124,465661,465660
7125,465722,465721
7126,465785,465784
7127,465861,465860
7128,466008,466007
7129,466939,466938
7130,467729,467728
7131,467824,467823
7132,467880,467879
7133,467928,467927
7134,467980,467979
7135,468029,468028
7136,468078,468077
7137,468122,468121
7138,468166,468165
7139,468206,468205
7140,468244,468243
7141,468283,468282
7142,468326,468325
7143,468375,468374
7144,468430,468429
7145,468481,468480
7146,468530,468529
7147,468570,468569
7148,468607,468606
7149,468641,468640
7150,468673,468672
7151,468706,468705
7152,468741,468740
7153,468777,468776
7154,468815,468814
7155,468856,468855
7156,468899,468898
7157,468944,468943
7158,468995,468994
7159,469087,469086
7160,469267,469266
7161,469364,469363
7162,469419,469418
7163,469469,469468
7164,469517,469516
7165,469565,469564
7166,469614,469613
7167,469668,469667
7168,469733,469732
7169,471395,471394
7170,471525,471524
7171,471585,471584
7172,471645,471644
7173,471709,471708
7174,471770,471769
7175,471830,471829
7176,471895,471894
7177,471956,471955
7178,472013,472012
7179,472067,472066
7180,472119,472118
7181,472169,472168
7182,472219,472218
7183,472271,472270
7184,472323,472322
7185,472373,472372
7186,472421,472420
7187,472471,472470
7188,472521,472520
7189,472573,472572
7190,472623,472622
7191,472674,472673
7192,472725,472724
7193,472779,472778
7194,472831,472830
7195,472880,472879
7196,472929,472928
7197,472978,472977
7198,473026,473025
7199,473073,473072
7200,473121,473120
7201,473171,473170
7202,473222,473221
7203,473271,473270
7204,473321,473320
7205,473374,473373
7206,473427,473426
7207,473481,473480
7208,473532,473531
7209,473583,473582
7210,473630,473629
7211,473677,473676
7212,473730,473729
7213,473780,473779
7214,473832,473831
7215,473880,473879
7216,473934,473933
7217,473985,473984
7218,474036,474035
7219,474082,474081
7220,474136,474135
7221,474194,474193
7222,474249,474248
7223,474300,474299
7224,474352,474351
7225,474405,474404
7226,474453,474452
7227,474505,474504
7228,474564,474563
7229,474631,474630
7230,474691,474690
7231,474742,474741
7232,474790,474789
7233,474837,474836
7234,474882,474881
7235,474927,474926
7236,474972,474971
7237,475016,475015
7238,475061,475060
7239,475107,475106
7240,475152,475151
7241,475201,475200
7242,475254,475253
7243,475303,475302
7244,475351,475350
7245,475398,475397
7246,475443,475442
7247,475487,475486
7248,475533,475532
7249,475578,475577
7250,475626,475625
7251,475673,475672
7252,475721,475720
7253,475766,475765
7254,475812,475811
7255,475858,475857
7256,475904,475903
7257,475951,475950
7258,475998,475997
7259,476045,476044
7260,476090,476089
7261,476137,476136
7262,476185,476184
7263,476232,476231
7264,476277,476276
7265,476320,476319
7266,476363,476362
7267,476408,476407
7268,476454,476453
7269,476501,476500
7270,476548,476547
7271,476595,476594
7272,476643,476642
7273,476691,476690
7274,476737,476736
7275,476781,476780
7276,476826,476825
7277,476874,476873
7278,476923,476922
7279,476972,476971
7280,477022,477021
7281,477074,477073
7282,477127,477126
7283,477179,477178
7284,477229,477228
7285,477278,477277
7286,477326,477325
7287,477372,477371
7288,477417,477416
7289,477463,477462
7290,477507,477506
7291,477550,477549
7292,477601,477600
7293,477685,477684
7294,477782,477781
7295,477842,477841
7296,477893,477892
7297,477940,477939
7298,477991,477990
7299,478042,478041
7300,478093,478092
7301,478138,478137
7302,478184,478183
7303,478230,478229
7304,478276,478275
7305,478323,478322
7306,478368,478367
7307,478416,478415
7308,478461,478460
7309,478507,478506
7310,478551,478550
7311,478595,478594
7312,478641,478640
7313,478685,478684
7314,478732,478731
7315,478778,478777
7316,478825,478824
7317,478870,478869
7318,478914,478913
7319,478960,478959
7320,479004,479003
7321,479051,479050
7322,479096,479095
7323,479142,479141
7324,479190,479189
7325,479237,479236
7326,479286,479285
7327,479330,479329
7328,479377,479376
7329,479422,479421
7330,479470,479469
7331,479519,479518
7332,479564,479563
7333,479609,479608
7334,479651,479650
7335,479696,479695
7336,479743,479742
7337,479794,479793
7338,479844,479843
7339,479891,479890
7340,479935,479934
7341,479981,479980
7342,480031,480030
7343,480079,480078
7344,480126,480125
7345,480170,480169
7346,480215,480214
7347,480260,480259
7348,480308,480307
7349,480352,480351
7350,480400,480399
7351,480447,480446
7352,480493,480492
7353,480540,480539
7354,480584,480583
7355,480630,480629
7356,480674,480673
7357,480719,480718
7358,480763,480762
7359,480806,480805
7360,480853,480852
7361,480900,480899
7362,480947,480946
7363,480992,480991
7364,481038,481037
7365,481084,481083
7366,481130,481129
7367,481176,481175
7368,481222,481221
7369,481267,481266
7370,481314,481313
7371,481359,481358
7372,481405,481404
7373,481451,481450
7374,481498,481497
7375,481547,481546
7376,481596,481595
7377,481646,481645
7378,481693,481692
7379,481742,481741
7380,481792,481791
7381,481845,481844
7382,481900,481899
7383,481961,481960
7384,482022,482021
7385,482080,482079
7386,482137,482136
7387,482197,482196
7388,482252,482251
7389,482307,482306
7390,482361,482360
7391,482413,482412
7392,482465,482464
7393,482516,482515
7394,482569,482568
7395,482623,482622
7396,482678,482677
7397,482729,482728
7398,482783,482782
7399,482840,482839
7400,482900,482899
7401,482957,482956
7402,483008,483007
7403,483060,483059
7404,483118,483117
7405,483168,483167
7406,483219,483218
7407,483269,483268
7408,483319,483318
7409,483366,483365
7410,483414,483413
7411,483461,483460
7412,483513,483512
7413,483564,483563
7414,483611,483610
7415,483658,483657
7416,483703,483702
7417,483756,483755
7418,483808,483807
7419,483860,483859
7420,483907,483906
7421,483960,483959
7422,484013,484012
7423,484067,484066
7424,484119,484118
7425,484170,484169
7426,484220,484219
7427,484267,484266
7428,484314,484313
7429,484362,484361
7430,484413,484412
7431,484466,484465
7432,484517,484516
7433,484566,484565
7434,484617,484616
7435,484668,484667
7436,484719,484718
7437,484769,484768
7438,484817,484816
7439,484867,484866
7440,484916,484915
7441,484966,484965
7442,485014,485013
7443,485062,485061
7444,485108,485107
7445,485152,485151
7446,485196,485195
7447,485240,485239
7448,485285,485284
7449,485332,485331
7450,485380,485379
7451,485431,485430
7452,485490,485489
7453,485545,485544
7454,485601,485600
7455,485653,485652
7456,485705,485704
7457,485751,485750
7458,485801,485800
7459,485852,485851
7460,485902,485901
7461,485954,485953
7462,486012,486011
7463,486072,486071
7464,486129,486128
7465,486182,486181
7466,486232,486231
7467,486281,486280
7468,486328,486327
7469,486378,486377
7470,486427,486426
7471,486475,486474
7472,486523,486522
7473,486570,486569
7474,486615,486614
7475,486659,486658
7476,486705,486704
7477,486748,486747
7478,486793,486792
7479,486837,486836
7480,486883,486882
7481,486928,486927
7482,486973,486972
7483,487020,487019
7484,487068,487067
7485,487118,487117
7486,487169,487168
7487,487238,487237
7488,487303,487302
7489,487360,487359
7490,487410,487409
7491,487460,487459
7492,487508,487507
7493,487563,487562
7494,487621,487620
7495,487677,487676
7496,487729,487728
7497,487781,487780
7498,487833,487832
7499,487884,487883
7500,487934,487933
7501,487981,487980
7502,488027,488026
7503,488074,488073
7504,488122,488121
7505,488170,488169
7506,488219,488218
7507,488271,488270
7508,488319,488318
7509,488366,488365
7510,488410,488409
7511,488455,488454
7512,488500,488499
7513,488545,488544
7514,488590,488589
7515,488636,488635
7516,488686,488685
7517,488738,488737
7518,488788,488787
7519,488835,488834
7520,488882,488881
7521,488930,488929
7522,488978,488977
7523,489026,489025
7524,489076,489075
7525,489126,489125
7526,489175,489174
7527,489224,489223
7528,489271,489270
7529,489325,489324
7530,489433,489432
7531,489847,489846
7532,490078,490077
7533,490171,490170
7534,490330,490329
7535,490569,490568
7536,490951,490950
7537,491036,491035
7538,491089,491088
7539,491137,491136
7540,491187,491186
7541,491238,491237
7542,491289,491288
7543,491338,491337
7544,491390,491389
7545,491441,491440
7546,491494,491493
7547,491547,491546
7548,491601,491600
7549,491650,491649
7550,491700,491699
7551,491747,491746
7552,491796,491795
7553,491846,491845
7554,491894,491893
7555,491942,491941
7556,491990,491989
7557,492036,492035
7558,492081,492080
7559,492128,492127
7560,492174,492173
7561,492221,492220
7562,492268,492267
7563,492311,492310
7564,492355,492354
7565,492401,492400
7566,492445,492444
7567,492490,492489
7568,492541,492540
7569,492592,492591
7570,492644,492643
7571,492694,492693
7572,492741,492740
7573,492787,492786
7574,492833,492832
7575,492878,492877
7576,492923,492922
7577,492966,492965
7578,493012,493011
7579,493057,493056
7580,493102,493101
7581,493149,493148
7582,493195,493194
7583,493242,493241
7584,493288,493287
7585,493335,493334
7586,493380,493379
7587,493426,493425
7588,493473,493472
7589,493524,493523
7590,493580,493579
7591,493631,493630
7592,493684,493683
7593,493733,493732
7594,493782,493781
7595,493829,493828
7596,493876,493875
7597,493921,493920
7598,493967,493966
7599,494012,494011
7600,494059,494058
7601,494109,494108
7602,494177,494176
7603,494242,494241
7604,494299,494298
7605,494354,494353
7606,494408,494407
7607,494466,494465
7608,494532,494531
7609,494589,494588
7610,494649,494648
7611,494705,494704
7612,494762,494761
7613,494822,494821
7614,494874,494873
7615,494923,494922
7616,494973,494972
7617,495023,495022
7618,495074,495073
7619,495123,495122
7620,495169,495168
7621,495217,495216
7622,495280,495279
7623,495335,495334
7624,495385,495384
7625,495433,495432
7626,495480,495479
7627,495527,495526
7628,495574,495573
7629,495623,495622
7630,495674,495673
7631,495723,495722
7632,495772,495771
7633,495819,495818
7634,495864,495863
7635,495910,495909
7636,495956,495955
7637,496003,496002
7638,496048,496047
7639,496096,496095
7640,496143,496142
7641,496192,496191
7642,496242,496241
7643,496294,496293
7644,496349,496348
7645,496417,496416
7646,496479,496478
7647,496537,496536
7648,496586,496585
7649,496638,496637
7650,496692,496691
7651,496747,496746
7652,496798,496797
7653,496847,496846
7654,496895,496894
7655,496943,496942
7656,496988,496987
7657,497036,497035
7658,497084,497083
7659,497134,497133
7660,497187,497186
7661,497238,497237
7662,497288,497287
7663,497337,497336
7664,497388,497387
7665,497439,497438
7666,497487,497486
7667,497534,497533
7668,497581,497580
7669,497629,497628
7670,497678,497677
7671,497725,497724
7672,497773,497772
7673,497820,497819
7674,497869,497868
7675,497919,497918
7676,497969,497968
7677,498018,498017
7678,498067,498066
7679,498116,498115
7680,498166,498165
7681,498216,498215
7682,498266,498265
7683,498318,498317
7684,498372,498371
7685,498423,498422
7686,498473,498472
7687,498523,498522
7688,498574,498573
7689,498623,498622
7690,498674,498673
7691,498724,498723
7692,498775,498774
7693,498827,498826
7694,498877,498876
7695,498928,498927
7696,498979,498978
7697,499032,499031
7698,499084,499083
7699,499135,499134
7700,499185,499184
7701,499236,499235
7702,499285,499284
7703,499334,499333
7704,499383,499382
7705,499437,499436
7706,499489,499488
7707,499545,499544
7708,499648,499647
